MP821SP2 
1.50
11
0
Type of measurement (0=app. resistivity,1=resistance)
0
1168
1
0
4     1.5000  0.0     0.0000  0.0     3.0000  0.0     4.5000  0.0     12.2830
4     1.5000  0.0     0.0000  0.0     4.5000  0.0     6.0000  0.0     22.1460
4     1.5000  0.0     0.0000  0.0     6.0000  0.0     7.5000  0.0     28.1627
4     1.5000  0.0     0.0000  0.0     7.5000  0.0     9.0000  0.0     28.9998
4     1.5000  0.0     0.0000  0.0     9.0000  0.0    10.5000  0.0     28.7300
4     1.5000  0.0     0.0000  0.0    10.5000  0.0    12.0000  0.0     32.0870
4     3.0000  0.0     1.5000  0.0     4.5000  0.0     6.0000  0.0     14.6753
4     3.0000  0.0     1.5000  0.0     6.0000  0.0     7.5000  0.0     23.4530
4     3.0000  0.0     1.5000  0.0     7.5000  0.0     9.0000  0.0     27.2738
4     3.0000  0.0     1.5000  0.0     9.0000  0.0    10.5000  0.0     28.1116
4     3.0000  0.0     1.5000  0.0    10.5000  0.0    12.0000  0.0     30.1684
4     3.0000  0.0     1.5000  0.0    12.0000  0.0    13.5000  0.0     29.0325
4     3.0000  0.0     0.0000  0.0    12.0000  0.0    15.0000  0.0     27.8848
4     3.0000  0.0     0.0000  0.0    15.0000  0.0    18.0000  0.0     24.4717
4     3.0000  0.0     0.0000  0.0    18.0000  0.0    21.0000  0.0     21.4033
4     3.0000  0.0     0.0000  0.0    21.0000  0.0    24.0000  0.0     19.5518
4     4.5000  0.0     3.0000  0.0     6.0000  0.0     7.5000  0.0     17.7618
4     4.5000  0.0     3.0000  0.0     7.5000  0.0     9.0000  0.0     26.0556
4     4.5000  0.0     3.0000  0.0     9.0000  0.0    10.5000  0.0     30.0607
4     4.5000  0.0     3.0000  0.0    10.5000  0.0    12.0000  0.0     35.1547
4     4.5000  0.0     3.0000  0.0    12.0000  0.0    13.5000  0.0     32.2489
4     4.5000  0.0     3.0000  0.0    13.5000  0.0    15.0000  0.0     29.2081
4     4.5000  0.0     1.5000  0.0    13.5000  0.0    16.5000  0.0     27.3894
4     4.5000  0.0     1.5000  0.0    16.5000  0.0    19.5000  0.0     23.6000
4     4.5000  0.0     1.5000  0.0    19.5000  0.0    22.5000  0.0     20.6118
4     4.5000  0.0     1.5000  0.0    22.5000  0.0    25.5000  0.0     20.7845
4     4.5000  0.0     0.0000  0.0    22.5000  0.0    27.0000  0.0     21.2049
4     4.5000  0.0     0.0000  0.0    27.0000  0.0    31.5000  0.0     21.8471
4     4.5000  0.0     0.0000  0.0    31.5000  0.0    36.0000  0.0     16.1893
4     6.0000  0.0     4.5000  0.0     7.5000  0.0     9.0000  0.0     21.4105
4     6.0000  0.0     4.5000  0.0     9.0000  0.0    10.5000  0.0     32.1976
4     6.0000  0.0     4.5000  0.0    10.5000  0.0    12.0000  0.0     41.0654
4     6.0000  0.0     4.5000  0.0    12.0000  0.0    13.5000  0.0     42.8455
4     6.0000  0.0     4.5000  0.0    13.5000  0.0    15.0000  0.0     36.7962
4     6.0000  0.0     4.5000  0.0    15.0000  0.0    16.5000  0.0     35.6193
4     6.0000  0.0     3.0000  0.0    15.0000  0.0    18.0000  0.0     31.6703
4     6.0000  0.0     3.0000  0.0    18.0000  0.0    21.0000  0.0     26.5430
4     6.0000  0.0     3.0000  0.0    21.0000  0.0    24.0000  0.0     24.0479
4     6.0000  0.0     3.0000  0.0    24.0000  0.0    27.0000  0.0     26.1185
4     6.0000  0.0     1.5000  0.0    24.0000  0.0    28.5000  0.0     25.0236
4     6.0000  0.0     1.5000  0.0    28.5000  0.0    33.0000  0.0     20.1351
4     6.0000  0.0     1.5000  0.0    33.0000  0.0    37.5000  0.0     19.0837
4     6.0000  0.0     0.0000  0.0    36.0000  0.0    42.0000  0.0     17.9861
4     6.0000  0.0     0.0000  0.0    42.0000  0.0    48.0000  0.0     22.6838
4     7.5000  0.0     6.0000  0.0     9.0000  0.0    10.5000  0.0     22.1124
4     7.5000  0.0     6.0000  0.0    10.5000  0.0    12.0000  0.0     37.0515
4     7.5000  0.0     6.0000  0.0    12.0000  0.0    13.5000  0.0     43.4520
4     7.5000  0.0     6.0000  0.0    13.5000  0.0    15.0000  0.0     37.4046
4     7.5000  0.0     6.0000  0.0    15.0000  0.0    16.5000  0.0     35.6757
4     7.5000  0.0     6.0000  0.0    16.5000  0.0    18.0000  0.0     31.5814
4     7.5000  0.0     4.5000  0.0    16.5000  0.0    19.5000  0.0     30.4416
4     7.5000  0.0     4.5000  0.0    19.5000  0.0    22.5000  0.0     26.5934
4     7.5000  0.0     4.5000  0.0    22.5000  0.0    25.5000  0.0     26.5904
4     7.5000  0.0     4.5000  0.0    25.5000  0.0    28.5000  0.0     29.7574
4     7.5000  0.0     3.0000  0.0    25.5000  0.0    30.0000  0.0     27.4172
4     7.5000  0.0     3.0000  0.0    30.0000  0.0    34.5000  0.0     19.0092
4     7.5000  0.0     3.0000  0.0    34.5000  0.0    39.0000  0.0     22.4685
4     7.5000  0.0     1.5000  0.0    37.5000  0.0    43.5000  0.0     19.0311
4     7.5000  0.0     1.5000  0.0    43.5000  0.0    49.5000  0.0     25.1510
4     7.5000  0.0     0.0000  0.0    45.0000  0.0    52.5000  0.0     23.2691
4     7.5000  0.0     0.0000  0.0    52.5000  0.0    60.0000  0.0     28.5013
4     9.0000  0.0     7.5000  0.0    10.5000  0.0    12.0000  0.0     22.3042
4     9.0000  0.0     7.5000  0.0    12.0000  0.0    13.5000  0.0     35.2020
4     9.0000  0.0     7.5000  0.0    13.5000  0.0    15.0000  0.0     33.6145
4     9.0000  0.0     7.5000  0.0    15.0000  0.0    16.5000  0.0     34.3508
4     9.0000  0.0     7.5000  0.0    16.5000  0.0    18.0000  0.0     30.0986
4     9.0000  0.0     7.5000  0.0    18.0000  0.0    19.5000  0.0     28.5556
4     9.0000  0.0     6.0000  0.0    18.0000  0.0    21.0000  0.0     28.1961
4     9.0000  0.0     6.0000  0.0    21.0000  0.0    24.0000  0.0     25.4409
4     9.0000  0.0     6.0000  0.0    24.0000  0.0    27.0000  0.0     27.0116
4     9.0000  0.0     6.0000  0.0    27.0000  0.0    30.0000  0.0     28.6018
4     9.0000  0.0     4.5000  0.0    27.0000  0.0    31.5000  0.0     26.7620
4     9.0000  0.0     4.5000  0.0    31.5000  0.0    36.0000  0.0     20.0537
4     9.0000  0.0     4.5000  0.0    36.0000  0.0    40.5000  0.0     21.2180
4     9.0000  0.0     3.0000  0.0    39.0000  0.0    45.0000  0.0     22.1526
4     9.0000  0.0     3.0000  0.0    45.0000  0.0    51.0000  0.0     24.8476
4     9.0000  0.0     1.5000  0.0    46.5000  0.0    54.0000  0.0     23.7033
4     9.0000  0.0     1.5000  0.0    54.0000  0.0    61.5000  0.0     31.0104
4     9.0000  0.0     0.0000  0.0    54.0000  0.0    63.0000  0.0     30.4269
4     9.0000  0.0     0.0000  0.0    63.0000  0.0    72.0000  0.0     28.0058
4    10.5000  0.0     9.0000  0.0    12.0000  0.0    13.5000  0.0     30.1763
4    10.5000  0.0     9.0000  0.0    13.5000  0.0    15.0000  0.0     35.6735
4    10.5000  0.0     9.0000  0.0    15.0000  0.0    16.5000  0.0     38.3123
4    10.5000  0.0     9.0000  0.0    16.5000  0.0    18.0000  0.0     34.3793
4    10.5000  0.0     9.0000  0.0    18.0000  0.0    19.5000  0.0     33.7692
4    10.5000  0.0     9.0000  0.0    19.5000  0.0    21.0000  0.0     31.4283
4    10.5000  0.0     7.5000  0.0    19.5000  0.0    22.5000  0.0     28.3709
4    10.5000  0.0     7.5000  0.0    22.5000  0.0    25.5000  0.0     27.4862
4    10.5000  0.0     7.5000  0.0    25.5000  0.0    28.5000  0.0     30.3442
4    10.5000  0.0     7.5000  0.0    28.5000  0.0    31.5000  0.0     25.2220
4    10.5000  0.0     6.0000  0.0    28.5000  0.0    33.0000  0.0     23.5051
4    10.5000  0.0     6.0000  0.0    33.0000  0.0    37.5000  0.0     22.3805
4    10.5000  0.0     6.0000  0.0    37.5000  0.0    42.0000  0.0     20.6286
4    10.5000  0.0     4.5000  0.0    40.5000  0.0    46.5000  0.0     25.2156
4    10.5000  0.0     4.5000  0.0    46.5000  0.0    52.5000  0.0     26.2066
4    10.5000  0.0     3.0000  0.0    48.0000  0.0    55.5000  0.0     24.9661
4    10.5000  0.0     3.0000  0.0    55.5000  0.0    63.0000  0.0     35.0127
4    10.5000  0.0     1.5000  0.0    55.5000  0.0    64.5000  0.0     33.1298
4    10.5000  0.0     1.5000  0.0    64.5000  0.0    73.5000  0.0     27.9588
4    12.0000  0.0    10.5000  0.0    13.5000  0.0    15.0000  0.0     23.8349
4    12.0000  0.0    10.5000  0.0    15.0000  0.0    16.5000  0.0     32.3642
4    12.0000  0.0    10.5000  0.0    16.5000  0.0    18.0000  0.0     31.9200
4    12.0000  0.0    10.5000  0.0    18.0000  0.0    19.5000  0.0     32.7539
4    12.0000  0.0    10.5000  0.0    19.5000  0.0    21.0000  0.0     31.4538
4    12.0000  0.0    10.5000  0.0    21.0000  0.0    22.5000  0.0     29.8975
4    12.0000  0.0     9.0000  0.0    21.0000  0.0    24.0000  0.0     29.1723
4    12.0000  0.0     9.0000  0.0    24.0000  0.0    27.0000  0.0     30.3238
4    12.0000  0.0     9.0000  0.0    27.0000  0.0    30.0000  0.0     31.7318
4    12.0000  0.0     9.0000  0.0    30.0000  0.0    33.0000  0.0     22.6555
4    12.0000  0.0     7.5000  0.0    30.0000  0.0    34.5000  0.0     20.8035
4    12.0000  0.0     7.5000  0.0    34.5000  0.0    39.0000  0.0     24.0303
4    12.0000  0.0     7.5000  0.0    39.0000  0.0    43.5000  0.0     21.2718
4    12.0000  0.0     6.0000  0.0    42.0000  0.0    48.0000  0.0     27.4252
4    12.0000  0.0     6.0000  0.0    48.0000  0.0    54.0000  0.0     26.0768
4    12.0000  0.0     4.5000  0.0    49.5000  0.0    57.0000  0.0     27.0438
4    12.0000  0.0     4.5000  0.0    57.0000  0.0    64.5000  0.0     37.0227
4    12.0000  0.0     3.0000  0.0    57.0000  0.0    66.0000  0.0     35.0224
4    12.0000  0.0     3.0000  0.0    66.0000  0.0    75.0000  0.0     29.5566
4    13.5000  0.0    12.0000  0.0    15.0000  0.0    16.5000  0.0     34.0146
4    13.5000  0.0    12.0000  0.0    16.5000  0.0    18.0000  0.0     39.0337
4    13.5000  0.0    12.0000  0.0    18.0000  0.0    19.5000  0.0     41.7875
4    13.5000  0.0    12.0000  0.0    19.5000  0.0    21.0000  0.0     40.9635
4    13.5000  0.0    12.0000  0.0    21.0000  0.0    22.5000  0.0     38.4377
4    13.5000  0.0    12.0000  0.0    22.5000  0.0    24.0000  0.0     37.2283
4    13.5000  0.0    10.5000  0.0    22.5000  0.0    25.5000  0.0     34.1720
4    13.5000  0.0    10.5000  0.0    25.5000  0.0    28.5000  0.0     36.2478
4    13.5000  0.0    10.5000  0.0    28.5000  0.0    31.5000  0.0     29.4717
4    13.5000  0.0    10.5000  0.0    31.5000  0.0    34.5000  0.0     21.1524
4    13.5000  0.0     9.0000  0.0    31.5000  0.0    36.0000  0.0     22.5505
4    13.5000  0.0     9.0000  0.0    36.0000  0.0    40.5000  0.0     22.8773
4    13.5000  0.0     9.0000  0.0    40.5000  0.0    45.0000  0.0     27.0657
4    13.5000  0.0     7.5000  0.0    43.5000  0.0    49.5000  0.0     30.0052
4    13.5000  0.0     7.5000  0.0    49.5000  0.0    55.5000  0.0     27.2027
4    13.5000  0.0     6.0000  0.0    51.0000  0.0    58.5000  0.0     30.3824
4    13.5000  0.0     6.0000  0.0    58.5000  0.0    66.0000  0.0     36.1144
4    13.5000  0.0     4.5000  0.0    58.5000  0.0    67.5000  0.0     34.8061
4    13.5000  0.0     4.5000  0.0    67.5000  0.0    76.5000  0.0     33.3939
4    15.0000  0.0    13.5000  0.0    16.5000  0.0    18.0000  0.0     34.8936
4    15.0000  0.0    13.5000  0.0    18.0000  0.0    19.5000  0.0     42.8699
4    15.0000  0.0    13.5000  0.0    19.5000  0.0    21.0000  0.0     45.6543
4    15.0000  0.0    13.5000  0.0    21.0000  0.0    22.5000  0.0     44.1101
4    15.0000  0.0    13.5000  0.0    22.5000  0.0    24.0000  0.0     41.6333
4    15.0000  0.0    13.5000  0.0    24.0000  0.0    25.5000  0.0     39.7695
4    15.0000  0.0    12.0000  0.0    24.0000  0.0    27.0000  0.0     39.0536
4    15.0000  0.0    12.0000  0.0    27.0000  0.0    30.0000  0.0     37.3007
4    15.0000  0.0    12.0000  0.0    30.0000  0.0    33.0000  0.0     25.5410
4    15.0000  0.0    12.0000  0.0    33.0000  0.0    36.0000  0.0     25.3537
4    15.0000  0.0    10.5000  0.0    33.0000  0.0    37.5000  0.0     24.7948
4    15.0000  0.0    10.5000  0.0    37.5000  0.0    42.0000  0.0     22.5960
4    15.0000  0.0    10.5000  0.0    42.0000  0.0    46.5000  0.0     29.8629
4    15.0000  0.0     9.0000  0.0    45.0000  0.0    51.0000  0.0     29.2493
4    15.0000  0.0     9.0000  0.0    51.0000  0.0    57.0000  0.0     29.2627
4    15.0000  0.0     7.5000  0.0    52.5000  0.0    60.0000  0.0     34.2683
4    15.0000  0.0     7.5000  0.0    60.0000  0.0    67.5000  0.0     32.9823
4    15.0000  0.0     6.0000  0.0    60.0000  0.0    69.0000  0.0     32.0379
4    15.0000  0.0     6.0000  0.0    69.0000  0.0    78.0000  0.0     34.4865
4    16.5000  0.0    15.0000  0.0    18.0000  0.0    19.5000  0.0     30.4082
4    16.5000  0.0    15.0000  0.0    19.5000  0.0    21.0000  0.0     41.7796
4    16.5000  0.0    15.0000  0.0    21.0000  0.0    22.5000  0.0     45.9136
4    16.5000  0.0    15.0000  0.0    22.5000  0.0    24.0000  0.0     45.8110
4    16.5000  0.0    15.0000  0.0    24.0000  0.0    25.5000  0.0     44.1818
4    16.5000  0.0    15.0000  0.0    25.5000  0.0    27.0000  0.0     39.8596
4    16.5000  0.0    13.5000  0.0    25.5000  0.0    28.5000  0.0     39.7228
4    16.5000  0.0    13.5000  0.0    28.5000  0.0    31.5000  0.0     29.3743
4    16.5000  0.0    13.5000  0.0    31.5000  0.0    34.5000  0.0     20.3824
4    16.5000  0.0    13.5000  0.0    34.5000  0.0    37.5000  0.0     27.3883
4    16.5000  0.0    12.0000  0.0    34.5000  0.0    39.0000  0.0     26.3257
4    16.5000  0.0    12.0000  0.0    39.0000  0.0    43.5000  0.0     23.5369
4    16.5000  0.0    12.0000  0.0    43.5000  0.0    48.0000  0.0     31.6138
4    16.5000  0.0    10.5000  0.0    46.5000  0.0    52.5000  0.0     29.1030
4    16.5000  0.0    10.5000  0.0    52.5000  0.0    58.5000  0.0     32.9272
4    16.5000  0.0     9.0000  0.0    54.0000  0.0    61.5000  0.0     36.7622
4    16.5000  0.0     9.0000  0.0    61.5000  0.0    69.0000  0.0     32.2510
4    16.5000  0.0     7.5000  0.0    61.5000  0.0    70.5000  0.0     32.4785
4    16.5000  0.0     7.5000  0.0    70.5000  0.0    79.5000  0.0     33.9553
4    18.0000  0.0    16.5000  0.0    19.5000  0.0    21.0000  0.0     30.5993
4    18.0000  0.0    16.5000  0.0    21.0000  0.0    22.5000  0.0     44.4777
4    18.0000  0.0    16.5000  0.0    22.5000  0.0    24.0000  0.0     49.7866
4    18.0000  0.0    16.5000  0.0    24.0000  0.0    25.5000  0.0     49.6968
4    18.0000  0.0    16.5000  0.0    25.5000  0.0    27.0000  0.0     44.6473
4    18.0000  0.0    16.5000  0.0    27.0000  0.0    28.5000  0.0     46.3235
4    18.0000  0.0    15.0000  0.0    27.0000  0.0    30.0000  0.0     41.4805
4    18.0000  0.0    15.0000  0.0    30.0000  0.0    33.0000  0.0     25.7727
4    18.0000  0.0    15.0000  0.0    33.0000  0.0    36.0000  0.0     24.6427
4    18.0000  0.0    15.0000  0.0    36.0000  0.0    39.0000  0.0     25.0820
4    18.0000  0.0    13.5000  0.0    36.0000  0.0    40.5000  0.0     24.1137
4    18.0000  0.0    13.5000  0.0    40.5000  0.0    45.0000  0.0     27.9580
4    18.0000  0.0    13.5000  0.0    45.0000  0.0    49.5000  0.0     29.0804
4    18.0000  0.0    12.0000  0.0    48.0000  0.0    54.0000  0.0     27.8329
4    18.0000  0.0    12.0000  0.0    54.0000  0.0    60.0000  0.0     36.6356
4    18.0000  0.0    10.5000  0.0    55.5000  0.0    63.0000  0.0     38.5943
4    18.0000  0.0    10.5000  0.0    63.0000  0.0    70.5000  0.0     31.8216
4    18.0000  0.0     9.0000  0.0    63.0000  0.0    72.0000  0.0     31.2742
4    18.0000  0.0     9.0000  0.0    72.0000  0.0    81.0000  0.0     34.7417
4    19.5000  0.0    18.0000  0.0    21.0000  0.0    22.5000  0.0     24.6795
4    19.5000  0.0    18.0000  0.0    22.5000  0.0    24.0000  0.0     36.4997
4    19.5000  0.0    18.0000  0.0    24.0000  0.0    25.5000  0.0     42.0140
4    19.5000  0.0    18.0000  0.0    25.5000  0.0    27.0000  0.0     39.6176
4    19.5000  0.0    18.0000  0.0    27.0000  0.0    28.5000  0.0     42.0805
4    19.5000  0.0    18.0000  0.0    28.5000  0.0    30.0000  0.0     30.6719
4    19.5000  0.0    16.5000  0.0    28.5000  0.0    31.5000  0.0     31.2132
4    19.5000  0.0    16.5000  0.0    31.5000  0.0    34.5000  0.0     20.4594
4    19.5000  0.0    16.5000  0.0    34.5000  0.0    37.5000  0.0     26.2953
4    19.5000  0.0    16.5000  0.0    37.5000  0.0    40.5000  0.0     21.2881
4    19.5000  0.0    15.0000  0.0    37.5000  0.0    42.0000  0.0     22.1610
4    19.5000  0.0    15.0000  0.0    42.0000  0.0    46.5000  0.0     28.6888
4    19.5000  0.0    15.0000  0.0    46.5000  0.0    51.0000  0.0     27.6178
4    19.5000  0.0    13.5000  0.0    49.5000  0.0    55.5000  0.0     26.1608
4    19.5000  0.0    13.5000  0.0    55.5000  0.0    61.5000  0.0     36.1681
4    19.5000  0.0    12.0000  0.0    57.0000  0.0    64.5000  0.0     37.4980
4    19.5000  0.0    12.0000  0.0    64.5000  0.0    72.0000  0.0     29.6612
4    19.5000  0.0    10.5000  0.0    64.5000  0.0    73.5000  0.0     29.8334
4    19.5000  0.0    10.5000  0.0    73.5000  0.0    82.5000  0.0     34.0900
4    21.0000  0.0    19.5000  0.0    22.5000  0.0    24.0000  0.0     20.1843
4    21.0000  0.0    19.5000  0.0    24.0000  0.0    25.5000  0.0     30.8756
4    21.0000  0.0    19.5000  0.0    25.5000  0.0    27.0000  0.0     31.6975
4    21.0000  0.0    19.5000  0.0    27.0000  0.0    28.5000  0.0     35.5905
4    21.0000  0.0    19.5000  0.0    28.5000  0.0    30.0000  0.0     26.1467
4    21.0000  0.0    19.5000  0.0    30.0000  0.0    31.5000  0.0     22.3335
4    21.0000  0.0    18.0000  0.0    30.0000  0.0    33.0000  0.0     21.1490
4    21.0000  0.0    18.0000  0.0    33.0000  0.0    36.0000  0.0     19.8163
4    21.0000  0.0    18.0000  0.0    36.0000  0.0    39.0000  0.0     20.4190
4    21.0000  0.0    18.0000  0.0    39.0000  0.0    42.0000  0.0     18.8109
4    21.0000  0.0    16.5000  0.0    39.0000  0.0    43.5000  0.0     20.6283
4    21.0000  0.0    16.5000  0.0    43.5000  0.0    48.0000  0.0     27.8213
4    21.0000  0.0    16.5000  0.0    48.0000  0.0    52.5000  0.0     24.2702
4    21.0000  0.0    15.0000  0.0    51.0000  0.0    57.0000  0.0     25.4988
4    21.0000  0.0    15.0000  0.0    57.0000  0.0    63.0000  0.0     34.0633
4    21.0000  0.0    13.5000  0.0    58.5000  0.0    66.0000  0.0     32.9681
4    21.0000  0.0    13.5000  0.0    66.0000  0.0    73.5000  0.0     27.1690
4    21.0000  0.0    12.0000  0.0    66.0000  0.0    75.0000  0.0     28.8564
4    22.5000  0.0    21.0000  0.0    24.0000  0.0    25.5000  0.0     22.3342
4    22.5000  0.0    21.0000  0.0    25.5000  0.0    27.0000  0.0     29.0469
4    22.5000  0.0    21.0000  0.0    27.0000  0.0    28.5000  0.0     35.3737
4    22.5000  0.0    21.0000  0.0    28.5000  0.0    30.0000  0.0     26.0659
4    22.5000  0.0    21.0000  0.0    30.0000  0.0    31.5000  0.0     22.1475
4    22.5000  0.0    21.0000  0.0    31.5000  0.0    33.0000  0.0     16.1229
4    22.5000  0.0    19.5000  0.0    31.5000  0.0    34.5000  0.0     16.1449
4    22.5000  0.0    19.5000  0.0    34.5000  0.0    37.5000  0.0     20.7043
4    22.5000  0.0    19.5000  0.0    37.5000  0.0    40.5000  0.0     16.8719
4    22.5000  0.0    19.5000  0.0    40.5000  0.0    43.5000  0.0     19.2126
4    22.5000  0.0    18.0000  0.0    40.5000  0.0    45.0000  0.0     22.3814
4    22.5000  0.0    18.0000  0.0    45.0000  0.0    49.5000  0.0     23.3560
4    22.5000  0.0    18.0000  0.0    49.5000  0.0    54.0000  0.0     21.6986
4    22.5000  0.0    16.5000  0.0    52.5000  0.0    58.5000  0.0     26.5430
4    22.5000  0.0    16.5000  0.0    58.5000  0.0    64.5000  0.0     31.1602
4    22.5000  0.0    15.0000  0.0    60.0000  0.0    67.5000  0.0     28.0825
4    22.5000  0.0    15.0000  0.0    67.5000  0.0    75.0000  0.0     26.7892
4    22.5000  0.0    13.5000  0.0    67.5000  0.0    76.5000  0.0     28.3331
4    24.0000  0.0    22.5000  0.0    25.5000  0.0    27.0000  0.0     24.7201
4    24.0000  0.0    22.5000  0.0    27.0000  0.0    28.5000  0.0     37.6559
4    24.0000  0.0    22.5000  0.0    28.5000  0.0    30.0000  0.0     29.4429
4    24.0000  0.0    22.5000  0.0    30.0000  0.0    31.5000  0.0     25.3546
4    24.0000  0.0    22.5000  0.0    31.5000  0.0    33.0000  0.0     18.2926
4    24.0000  0.0    22.5000  0.0    33.0000  0.0    34.5000  0.0     17.0172
4    24.0000  0.0    21.0000  0.0    33.0000  0.0    36.0000  0.0     18.2992
4    24.0000  0.0    21.0000  0.0    36.0000  0.0    39.0000  0.0     18.7783
4    24.0000  0.0    21.0000  0.0    39.0000  0.0    42.0000  0.0     17.2307
4    24.0000  0.0    21.0000  0.0    42.0000  0.0    45.0000  0.0     23.7936
4    24.0000  0.0    19.5000  0.0    42.0000  0.0    46.5000  0.0     23.3859
4    24.0000  0.0    19.5000  0.0    46.5000  0.0    51.0000  0.0     22.7098
4    24.0000  0.0    19.5000  0.0    51.0000  0.0    55.5000  0.0     21.2120
4    24.0000  0.0    18.0000  0.0    54.0000  0.0    60.0000  0.0     28.4441
4    24.0000  0.0    18.0000  0.0    60.0000  0.0    66.0000  0.0     26.2401
4    24.0000  0.0    16.5000  0.0    61.5000  0.0    69.0000  0.0     25.9433
4    24.0000  0.0    16.5000  0.0    69.0000  0.0    76.5000  0.0     26.5976
4    24.0000  0.0    15.0000  0.0    69.0000  0.0    78.0000  0.0     27.5804
4    25.5000  0.0    24.0000  0.0    27.0000  0.0    28.5000  0.0     25.2871
4    25.5000  0.0    24.0000  0.0    28.5000  0.0    30.0000  0.0     26.6980
4    25.5000  0.0    24.0000  0.0    30.0000  0.0    31.5000  0.0     25.5342
4    25.5000  0.0    24.0000  0.0    31.5000  0.0    33.0000  0.0     19.1670
4    25.5000  0.0    24.0000  0.0    33.0000  0.0    34.5000  0.0     17.8029
4    25.5000  0.0    24.0000  0.0    34.5000  0.0    36.0000  0.0     24.4571
4    25.5000  0.0    22.5000  0.0    34.5000  0.0    37.5000  0.0     22.2741
4    25.5000  0.0    22.5000  0.0    37.5000  0.0    40.5000  0.0     18.1853
4    25.5000  0.0    22.5000  0.0    40.5000  0.0    43.5000  0.0     20.3193
4    25.5000  0.0    22.5000  0.0    43.5000  0.0    46.5000  0.0     27.1976
4    25.5000  0.0    21.0000  0.0    43.5000  0.0    48.0000  0.0     26.0378
4    25.5000  0.0    21.0000  0.0    48.0000  0.0    52.5000  0.0     22.4747
4    25.5000  0.0    21.0000  0.0    52.5000  0.0    57.0000  0.0     23.8824
4    25.5000  0.0    19.5000  0.0    55.5000  0.0    61.5000  0.0     29.8836
4    25.5000  0.0    19.5000  0.0    61.5000  0.0    67.5000  0.0     25.2445
4    25.5000  0.0    18.0000  0.0    63.0000  0.0    70.5000  0.0     24.2525
4    25.5000  0.0    18.0000  0.0    70.5000  0.0    78.0000  0.0     26.4945
4    25.5000  0.0    16.5000  0.0    70.5000  0.0    79.5000  0.0     26.8380
4    27.0000  0.0    25.5000  0.0    28.5000  0.0    30.0000  0.0     25.0057
4    27.0000  0.0    25.5000  0.0    30.0000  0.0    31.5000  0.0     28.2663
4    27.0000  0.0    25.5000  0.0    31.5000  0.0    33.0000  0.0     21.7913
4    27.0000  0.0    25.5000  0.0    33.0000  0.0    34.5000  0.0     19.5719
4    27.0000  0.0    25.5000  0.0    34.5000  0.0    36.0000  0.0     26.1979
4    27.0000  0.0    25.5000  0.0    36.0000  0.0    37.5000  0.0     22.6652
4    27.0000  0.0    24.0000  0.0    36.0000  0.0    39.0000  0.0     20.8943
4    27.0000  0.0    24.0000  0.0    39.0000  0.0    42.0000  0.0     19.1386
4    27.0000  0.0    24.0000  0.0    42.0000  0.0    45.0000  0.0     26.6179
4    27.0000  0.0    24.0000  0.0    45.0000  0.0    48.0000  0.0     25.9178
4    27.0000  0.0    22.5000  0.0    45.0000  0.0    49.5000  0.0     25.0221
4    27.0000  0.0    22.5000  0.0    49.5000  0.0    54.0000  0.0     23.4433
4    27.0000  0.0    22.5000  0.0    54.0000  0.0    58.5000  0.0     28.8600
4    27.0000  0.0    21.0000  0.0    57.0000  0.0    63.0000  0.0     31.8656
4    27.0000  0.0    21.0000  0.0    63.0000  0.0    69.0000  0.0     24.3494
4    27.0000  0.0    19.5000  0.0    64.5000  0.0    72.0000  0.0     22.5720
4    27.0000  0.0    19.5000  0.0    72.0000  0.0    79.5000  0.0     27.7928
4    27.0000  0.0    18.0000  0.0    72.0000  0.0    81.0000  0.0     26.8501
4    28.5000  0.0    27.0000  0.0    30.0000  0.0    31.5000  0.0     26.6811
4    28.5000  0.0    27.0000  0.0    31.5000  0.0    33.0000  0.0     24.9526
4    28.5000  0.0    27.0000  0.0    33.0000  0.0    34.5000  0.0     23.3397
4    28.5000  0.0    27.0000  0.0    34.5000  0.0    36.0000  0.0     30.9137
4    28.5000  0.0    27.0000  0.0    36.0000  0.0    37.5000  0.0     25.9217
4    28.5000  0.0    27.0000  0.0    37.5000  0.0    39.0000  0.0     23.1367
4    28.5000  0.0    25.5000  0.0    37.5000  0.0    40.5000  0.0     20.9013
4    28.5000  0.0    25.5000  0.0    40.5000  0.0    43.5000  0.0     23.6026
4    28.5000  0.0    25.5000  0.0    43.5000  0.0    46.5000  0.0     31.0806
4    28.5000  0.0    25.5000  0.0    46.5000  0.0    49.5000  0.0     27.8052
4    28.5000  0.0    24.0000  0.0    46.5000  0.0    51.0000  0.0     26.6907
4    28.5000  0.0    24.0000  0.0    51.0000  0.0    55.5000  0.0     25.2299
4    28.5000  0.0    24.0000  0.0    55.5000  0.0    60.0000  0.0     35.6392
4    28.5000  0.0    22.5000  0.0    58.5000  0.0    64.5000  0.0     32.1861
4    28.5000  0.0    22.5000  0.0    64.5000  0.0    70.5000  0.0     24.9559
4    28.5000  0.0    21.0000  0.0    66.0000  0.0    73.5000  0.0     24.2711
4    28.5000  0.0    21.0000  0.0    73.5000  0.0    81.0000  0.0     28.4754
4    28.5000  0.0    19.5000  0.0    73.5000  0.0    82.5000  0.0     27.8146
4    30.0000  0.0    28.5000  0.0    31.5000  0.0    33.0000  0.0     18.1453
4    30.0000  0.0    28.5000  0.0    33.0000  0.0    34.5000  0.0     20.8511
4    30.0000  0.0    28.5000  0.0    34.5000  0.0    36.0000  0.0     29.4022
4    30.0000  0.0    28.5000  0.0    36.0000  0.0    37.5000  0.0     24.4998
4    30.0000  0.0    28.5000  0.0    37.5000  0.0    39.0000  0.0     21.8053
4    30.0000  0.0    28.5000  0.0    39.0000  0.0    40.5000  0.0     19.0930
4    30.0000  0.0    27.0000  0.0    39.0000  0.0    42.0000  0.0     21.0997
4    30.0000  0.0    27.0000  0.0    42.0000  0.0    45.0000  0.0     28.7340
4    30.0000  0.0    27.0000  0.0    45.0000  0.0    48.0000  0.0     27.0339
4    30.0000  0.0    27.0000  0.0    48.0000  0.0    51.0000  0.0     25.7862
4    30.0000  0.0    25.5000  0.0    48.0000  0.0    52.5000  0.0     25.6447
4    30.0000  0.0    25.5000  0.0    52.5000  0.0    57.0000  0.0     26.9040
4    30.0000  0.0    25.5000  0.0    57.0000  0.0    61.5000  0.0     35.3821
4    30.0000  0.0    24.0000  0.0    60.0000  0.0    66.0000  0.0     29.2052
4    30.0000  0.0    24.0000  0.0    66.0000  0.0    72.0000  0.0     24.6277
4    30.0000  0.0    22.5000  0.0    67.5000  0.0    75.0000  0.0     26.0108
4    30.0000  0.0    22.5000  0.0    75.0000  0.0    82.5000  0.0     26.6899
4    31.5000  0.0    30.0000  0.0    33.0000  0.0    34.5000  0.0     16.5721
4    31.5000  0.0    30.0000  0.0    34.5000  0.0    36.0000  0.0     27.7351
4    31.5000  0.0    30.0000  0.0    36.0000  0.0    37.5000  0.0     23.6284
4    31.5000  0.0    30.0000  0.0    37.5000  0.0    39.0000  0.0     20.8309
4    31.5000  0.0    30.0000  0.0    39.0000  0.0    40.5000  0.0     17.8753
4    31.5000  0.0    30.0000  0.0    40.5000  0.0    42.0000  0.0     20.5878
4    31.5000  0.0    28.5000  0.0    40.5000  0.0    43.5000  0.0     21.8449
4    31.5000  0.0    28.5000  0.0    43.5000  0.0    46.5000  0.0     27.7626
4    31.5000  0.0    28.5000  0.0    46.5000  0.0    49.5000  0.0     24.1023
4    31.5000  0.0    28.5000  0.0    49.5000  0.0    52.5000  0.0     22.0804
4    31.5000  0.0    27.0000  0.0    49.5000  0.0    54.0000  0.0     23.2074
4    31.5000  0.0    27.0000  0.0    54.0000  0.0    58.5000  0.0     28.7786
4    31.5000  0.0    27.0000  0.0    58.5000  0.0    63.0000  0.0     31.5302
4    31.5000  0.0    25.5000  0.0    61.5000  0.0    67.5000  0.0     26.9564
4    31.5000  0.0    25.5000  0.0    67.5000  0.0    73.5000  0.0     24.0589
4    31.5000  0.0    24.0000  0.0    69.0000  0.0    76.5000  0.0     26.6934
4    33.0000  0.0    31.5000  0.0    34.5000  0.0    36.0000  0.0     17.1761
4    33.0000  0.0    31.5000  0.0    36.0000  0.0    37.5000  0.0     18.1243
4    33.0000  0.0    31.5000  0.0    37.5000  0.0    39.0000  0.0     17.1244
4    33.0000  0.0    31.5000  0.0    39.0000  0.0    40.5000  0.0     14.7595
4    33.0000  0.0    31.5000  0.0    40.5000  0.0    42.0000  0.0     16.9727
4    33.0000  0.0    31.5000  0.0    42.0000  0.0    43.5000  0.0     18.2193
4    33.0000  0.0    30.0000  0.0    42.0000  0.0    45.0000  0.0     22.3101
4    33.0000  0.0    30.0000  0.0    45.0000  0.0    48.0000  0.0     20.1672
4    33.0000  0.0    30.0000  0.0    48.0000  0.0    51.0000  0.0     19.2019
4    33.0000  0.0    30.0000  0.0    51.0000  0.0    54.0000  0.0     18.2741
4    33.0000  0.0    28.5000  0.0    51.0000  0.0    55.5000  0.0     20.1936
4    33.0000  0.0    28.5000  0.0    55.5000  0.0    60.0000  0.0     27.6857
4    33.0000  0.0    28.5000  0.0    60.0000  0.0    64.5000  0.0     23.9985
4    33.0000  0.0    27.0000  0.0    63.0000  0.0    69.0000  0.0     22.4405
4    33.0000  0.0    27.0000  0.0    69.0000  0.0    75.0000  0.0     23.3015
4    33.0000  0.0    25.5000  0.0    70.5000  0.0    78.0000  0.0     25.0373
4    34.5000  0.0    33.0000  0.0    36.0000  0.0    37.5000  0.0     14.9440
4    34.5000  0.0    33.0000  0.0    37.5000  0.0    39.0000  0.0     17.6002
4    34.5000  0.0    33.0000  0.0    39.0000  0.0    40.5000  0.0     15.6778
4    34.5000  0.0    33.0000  0.0    40.5000  0.0    42.0000  0.0     18.4433
4    34.5000  0.0    33.0000  0.0    42.0000  0.0    43.5000  0.0     19.5665
4    34.5000  0.0    33.0000  0.0    43.5000  0.0    45.0000  0.0     26.5916
4    34.5000  0.0    31.5000  0.0    43.5000  0.0    46.5000  0.0     22.9811
4    34.5000  0.0    31.5000  0.0    46.5000  0.0    49.5000  0.0     18.9663
4    34.5000  0.0    31.5000  0.0    49.5000  0.0    52.5000  0.0     16.7575
4    34.5000  0.0    31.5000  0.0    52.5000  0.0    55.5000  0.0     17.3160
4    34.5000  0.0    30.0000  0.0    52.5000  0.0    57.0000  0.0     19.3268
4    34.5000  0.0    30.0000  0.0    57.0000  0.0    61.5000  0.0     24.8541
4    34.5000  0.0    30.0000  0.0    61.5000  0.0    66.0000  0.0     20.7875
4    34.5000  0.0    28.5000  0.0    64.5000  0.0    70.5000  0.0     19.0537
4    34.5000  0.0    28.5000  0.0    70.5000  0.0    76.5000  0.0     21.0393
4    34.5000  0.0    27.0000  0.0    72.0000  0.0    79.5000  0.0     23.3586
4    36.0000  0.0    34.5000  0.0    37.5000  0.0    39.0000  0.0     18.5038
4    36.0000  0.0    34.5000  0.0    39.0000  0.0    40.5000  0.0     20.6093
4    36.0000  0.0    34.5000  0.0    40.5000  0.0    42.0000  0.0     26.3006
4    36.0000  0.0    34.5000  0.0    42.0000  0.0    43.5000  0.0     28.8953
4    36.0000  0.0    34.5000  0.0    43.5000  0.0    45.0000  0.0     39.7470
4    36.0000  0.0    34.5000  0.0    45.0000  0.0    46.5000  0.0     28.9252
4    36.0000  0.0    33.0000  0.0    45.0000  0.0    48.0000  0.0     25.3267
4    36.0000  0.0    33.0000  0.0    48.0000  0.0    51.0000  0.0     23.3122
4    36.0000  0.0    33.0000  0.0    51.0000  0.0    54.0000  0.0     21.3273
4    36.0000  0.0    33.0000  0.0    54.0000  0.0    57.0000  0.0     24.4733
4    36.0000  0.0    31.5000  0.0    54.0000  0.0    58.5000  0.0     24.4022
4    36.0000  0.0    31.5000  0.0    58.5000  0.0    63.0000  0.0     26.0392
4    36.0000  0.0    31.5000  0.0    63.0000  0.0    67.5000  0.0     20.4075
4    36.0000  0.0    30.0000  0.0    66.0000  0.0    72.0000  0.0     18.8091
4    36.0000  0.0    30.0000  0.0    72.0000  0.0    78.0000  0.0     22.1931
4    36.0000  0.0    28.5000  0.0    73.5000  0.0    81.0000  0.0     23.1210
4    37.5000  0.0    36.0000  0.0    39.0000  0.0    40.5000  0.0     12.8131
4    37.5000  0.0    36.0000  0.0    40.5000  0.0    42.0000  0.0     21.4971
4    37.5000  0.0    36.0000  0.0    42.0000  0.0    43.5000  0.0     26.5560
4    37.5000  0.0    36.0000  0.0    43.5000  0.0    45.0000  0.0     37.6983
4    37.5000  0.0    36.0000  0.0    45.0000  0.0    46.5000  0.0     27.3947
4    37.5000  0.0    36.0000  0.0    46.5000  0.0    48.0000  0.0     27.4867
4    37.5000  0.0    34.5000  0.0    46.5000  0.0    49.5000  0.0     27.8681
4    37.5000  0.0    34.5000  0.0    49.5000  0.0    52.5000  0.0     24.6065
4    37.5000  0.0    34.5000  0.0    52.5000  0.0    55.5000  0.0     24.6383
4    37.5000  0.0    34.5000  0.0    55.5000  0.0    58.5000  0.0     31.7920
4    37.5000  0.0    33.0000  0.0    55.5000  0.0    60.0000  0.0     30.4603
4    37.5000  0.0    33.0000  0.0    60.0000  0.0    64.5000  0.0     25.1861
4    37.5000  0.0    33.0000  0.0    64.5000  0.0    69.0000  0.0     19.8545
4    37.5000  0.0    31.5000  0.0    67.5000  0.0    73.5000  0.0     19.3214
4    37.5000  0.0    31.5000  0.0    73.5000  0.0    79.5000  0.0     23.0457
4    37.5000  0.0    30.0000  0.0    75.0000  0.0    82.5000  0.0     21.7699
4    39.0000  0.0    37.5000  0.0    40.5000  0.0    42.0000  0.0     11.4800
4    39.0000  0.0    37.5000  0.0    42.0000  0.0    43.5000  0.0     18.5320
4    39.0000  0.0    37.5000  0.0    43.5000  0.0    45.0000  0.0     29.1285
4    39.0000  0.0    37.5000  0.0    45.0000  0.0    46.5000  0.0     21.7064
4    39.0000  0.0    37.5000  0.0    46.5000  0.0    48.0000  0.0     21.9945
4    39.0000  0.0    37.5000  0.0    48.0000  0.0    49.5000  0.0     21.1377
4    39.0000  0.0    36.0000  0.0    48.0000  0.0    51.0000  0.0     22.6094
4    39.0000  0.0    36.0000  0.0    51.0000  0.0    54.0000  0.0     20.8858
4    39.0000  0.0    36.0000  0.0    54.0000  0.0    57.0000  0.0     24.3383
4    39.0000  0.0    36.0000  0.0    57.0000  0.0    60.0000  0.0     31.2884
4    39.0000  0.0    34.5000  0.0    57.0000  0.0    61.5000  0.0     30.2268
4    39.0000  0.0    34.5000  0.0    61.5000  0.0    66.0000  0.0     24.5645
4    39.0000  0.0    34.5000  0.0    66.0000  0.0    70.5000  0.0     19.6375
4    39.0000  0.0    33.0000  0.0    69.0000  0.0    75.0000  0.0     20.8823
4    39.0000  0.0    33.0000  0.0    75.0000  0.0    81.0000  0.0     21.9706
4    40.5000  0.0    39.0000  0.0    42.0000  0.0    43.5000  0.0     14.4668
4    40.5000  0.0    39.0000  0.0    43.5000  0.0    45.0000  0.0     28.6192
4    40.5000  0.0    39.0000  0.0    45.0000  0.0    46.5000  0.0     22.2462
4    40.5000  0.0    39.0000  0.0    46.5000  0.0    48.0000  0.0     22.7630
4    40.5000  0.0    39.0000  0.0    48.0000  0.0    49.5000  0.0     21.7033
4    40.5000  0.0    39.0000  0.0    49.5000  0.0    51.0000  0.0     20.3988
4    40.5000  0.0    37.5000  0.0    49.5000  0.0    52.5000  0.0     19.6717
4    40.5000  0.0    37.5000  0.0    52.5000  0.0    55.5000  0.0     20.0025
4    40.5000  0.0    37.5000  0.0    55.5000  0.0    58.5000  0.0     25.8809
4    40.5000  0.0    37.5000  0.0    58.5000  0.0    61.5000  0.0     25.4117
4    40.5000  0.0    36.0000  0.0    58.5000  0.0    63.0000  0.0     26.3827
4    40.5000  0.0    36.0000  0.0    63.0000  0.0    67.5000  0.0     20.2695
4    40.5000  0.0    36.0000  0.0    67.5000  0.0    72.0000  0.0     16.9785
4    40.5000  0.0    34.5000  0.0    70.5000  0.0    76.5000  0.0     21.8432
4    40.5000  0.0    34.5000  0.0    76.5000  0.0    82.5000  0.0     20.0892
4    42.0000  0.0    40.5000  0.0    43.5000  0.0    45.0000  0.0     24.1263
4    42.0000  0.0    40.5000  0.0    45.0000  0.0    46.5000  0.0     23.3500
4    42.0000  0.0    40.5000  0.0    46.5000  0.0    48.0000  0.0     25.4444
4    42.0000  0.0    40.5000  0.0    48.0000  0.0    49.5000  0.0     24.4406
4    42.0000  0.0    40.5000  0.0    49.5000  0.0    51.0000  0.0     22.3123
4    42.0000  0.0    40.5000  0.0    51.0000  0.0    52.5000  0.0     20.9978
4    42.0000  0.0    39.0000  0.0    51.0000  0.0    54.0000  0.0     20.1223
4    42.0000  0.0    39.0000  0.0    54.0000  0.0    57.0000  0.0     23.4634
4    42.0000  0.0    39.0000  0.0    57.0000  0.0    60.0000  0.0     29.2085
4    42.0000  0.0    39.0000  0.0    60.0000  0.0    63.0000  0.0     22.0405
4    42.0000  0.0    37.5000  0.0    60.0000  0.0    64.5000  0.0     21.9649
4    42.0000  0.0    37.5000  0.0    64.5000  0.0    69.0000  0.0     16.9719
4    42.0000  0.0    37.5000  0.0    69.0000  0.0    73.5000  0.0     17.2487
4    42.0000  0.0    36.0000  0.0    72.0000  0.0    78.0000  0.0     21.2748
4    43.5000  0.0    42.0000  0.0    45.0000  0.0    46.5000  0.0     20.4257
4    43.5000  0.0    42.0000  0.0    46.5000  0.0    48.0000  0.0     25.3062
4    43.5000  0.0    42.0000  0.0    48.0000  0.0    49.5000  0.0     26.3890
4    43.5000  0.0    42.0000  0.0    49.5000  0.0    51.0000  0.0     24.5578
4    43.5000  0.0    42.0000  0.0    51.0000  0.0    52.5000  0.0     22.8389
4    43.5000  0.0    42.0000  0.0    52.5000  0.0    54.0000  0.0     22.6663
4    43.5000  0.0    40.5000  0.0    52.5000  0.0    55.5000  0.0     22.4783
4    43.5000  0.0    40.5000  0.0    55.5000  0.0    58.5000  0.0     28.5786
4    43.5000  0.0    40.5000  0.0    58.5000  0.0    61.5000  0.0     27.4488
4    43.5000  0.0    40.5000  0.0    61.5000  0.0    64.5000  0.0     23.8123
4    43.5000  0.0    39.0000  0.0    61.5000  0.0    66.0000  0.0     22.2418
4    43.5000  0.0    39.0000  0.0    66.0000  0.0    70.5000  0.0     17.0653
4    43.5000  0.0    39.0000  0.0    70.5000  0.0    75.0000  0.0     19.9451
4    43.5000  0.0    37.5000  0.0    73.5000  0.0    79.5000  0.0     21.6175
4    45.0000  0.0    43.5000  0.0    46.5000  0.0    48.0000  0.0     26.5044
4    45.0000  0.0    43.5000  0.0    48.0000  0.0    49.5000  0.0     33.1670
4    45.0000  0.0    43.5000  0.0    49.5000  0.0    51.0000  0.0     31.9155
4    45.0000  0.0    43.5000  0.0    51.0000  0.0    52.5000  0.0     29.4837
4    45.0000  0.0    43.5000  0.0    52.5000  0.0    54.0000  0.0     29.5983
4    45.0000  0.0    43.5000  0.0    54.0000  0.0    55.5000  0.0     31.9032
4    45.0000  0.0    42.0000  0.0    54.0000  0.0    57.0000  0.0     29.9580
4    45.0000  0.0    42.0000  0.0    57.0000  0.0    60.0000  0.0     36.7405
4    45.0000  0.0    42.0000  0.0    60.0000  0.0    63.0000  0.0     28.2244
4    45.0000  0.0    42.0000  0.0    63.0000  0.0    66.0000  0.0     25.0527
4    45.0000  0.0    40.5000  0.0    63.0000  0.0    67.5000  0.0     22.9897
4    45.0000  0.0    40.5000  0.0    67.5000  0.0    72.0000  0.0     19.6914
4    45.0000  0.0    40.5000  0.0    72.0000  0.0    76.5000  0.0     25.0463
4    45.0000  0.0    39.0000  0.0    75.0000  0.0    81.0000  0.0     21.8817
4    46.5000  0.0    45.0000  0.0    48.0000  0.0    49.5000  0.0     21.1919
4    46.5000  0.0    45.0000  0.0    49.5000  0.0    51.0000  0.0     25.0028
4    46.5000  0.0    45.0000  0.0    51.0000  0.0    52.5000  0.0     23.4721
4    46.5000  0.0    45.0000  0.0    52.5000  0.0    54.0000  0.0     24.3349
4    46.5000  0.0    45.0000  0.0    54.0000  0.0    55.5000  0.0     26.5864
4    46.5000  0.0    45.0000  0.0    55.5000  0.0    57.0000  0.0     30.4533
4    46.5000  0.0    43.5000  0.0    55.5000  0.0    58.5000  0.0     33.9509
4    46.5000  0.0    43.5000  0.0    58.5000  0.0    61.5000  0.0     32.6074
4    46.5000  0.0    43.5000  0.0    61.5000  0.0    64.5000  0.0     28.0534
4    46.5000  0.0    43.5000  0.0    64.5000  0.0    67.5000  0.0     22.1899
4    46.5000  0.0    42.0000  0.0    64.5000  0.0    69.0000  0.0     20.6458
4    46.5000  0.0    42.0000  0.0    69.0000  0.0    73.5000  0.0     21.3006
4    46.5000  0.0    42.0000  0.0    73.5000  0.0    78.0000  0.0     25.6586
4    46.5000  0.0    40.5000  0.0    76.5000  0.0    82.5000  0.0     21.1359
4    48.0000  0.0    46.5000  0.0    49.5000  0.0    51.0000  0.0     20.8199
4    48.0000  0.0    46.5000  0.0    51.0000  0.0    52.5000  0.0     23.2789
4    48.0000  0.0    46.5000  0.0    52.5000  0.0    54.0000  0.0     25.4016
4    48.0000  0.0    46.5000  0.0    54.0000  0.0    55.5000  0.0     28.8337
4    48.0000  0.0    46.5000  0.0    55.5000  0.0    57.0000  0.0     33.5436
4    48.0000  0.0    46.5000  0.0    57.0000  0.0    58.5000  0.0     36.6189
4    48.0000  0.0    45.0000  0.0    57.0000  0.0    60.0000  0.0     34.4301
4    48.0000  0.0    45.0000  0.0    60.0000  0.0    63.0000  0.0     26.4480
4    48.0000  0.0    45.0000  0.0    63.0000  0.0    66.0000  0.0     23.5535
4    48.0000  0.0    45.0000  0.0    66.0000  0.0    69.0000  0.0     19.2778
4    48.0000  0.0    43.5000  0.0    66.0000  0.0    70.5000  0.0     20.6317
4    48.0000  0.0    43.5000  0.0    70.5000  0.0    75.0000  0.0     23.5213
4    48.0000  0.0    43.5000  0.0    75.0000  0.0    79.5000  0.0     24.3673
4    49.5000  0.0    48.0000  0.0    51.0000  0.0    52.5000  0.0     15.2910
4    49.5000  0.0    48.0000  0.0    52.5000  0.0    54.0000  0.0     20.7200
4    49.5000  0.0    48.0000  0.0    54.0000  0.0    55.5000  0.0     25.0397
4    49.5000  0.0    48.0000  0.0    55.5000  0.0    57.0000  0.0     29.5609
4    49.5000  0.0    48.0000  0.0    57.0000  0.0    58.5000  0.0     32.3477
4    49.5000  0.0    48.0000  0.0    58.5000  0.0    60.0000  0.0     31.8907
4    49.5000  0.0    46.5000  0.0    58.5000  0.0    61.5000  0.0     29.5971
4    49.5000  0.0    46.5000  0.0    61.5000  0.0    64.5000  0.0     25.7514
4    49.5000  0.0    46.5000  0.0    64.5000  0.0    67.5000  0.0     20.1843
4    49.5000  0.0    46.5000  0.0    67.5000  0.0    70.5000  0.0     19.0866
4    49.5000  0.0    45.0000  0.0    67.5000  0.0    72.0000  0.0     19.2156
4    49.5000  0.0    45.0000  0.0    72.0000  0.0    76.5000  0.0     23.7505
4    49.5000  0.0    45.0000  0.0    76.5000  0.0    81.0000  0.0     21.2276
4    51.0000  0.0    49.5000  0.0    54.0000  0.0    55.5000  0.0     23.1974
4    51.0000  0.0    49.5000  0.0    57.0000  0.0    58.5000  0.0     31.9713
4    51.0000  0.0    49.5000  0.0    58.5000  0.0    60.0000  0.0     30.3718
4    51.0000  0.0    49.5000  0.0    60.0000  0.0    61.5000  0.0     21.4587
4    51.0000  0.0    49.5000  0.0    52.5000  0.0    54.0000  0.0     14.9590
4    51.0000  0.0    49.5000  0.0    55.5000  0.0    57.0000  0.0     29.5481
4    51.0000  0.0    48.0000  0.0    60.0000  0.0    63.0000  0.0     23.2636
4    51.0000  0.0    48.0000  0.0    63.0000  0.0    66.0000  0.0     20.8948
4    51.0000  0.0    48.0000  0.0    66.0000  0.0    69.0000  0.0     17.3556
4    51.0000  0.0    48.0000  0.0    69.0000  0.0    72.0000  0.0     18.5409
4    51.0000  0.0    46.5000  0.0    69.0000  0.0    73.5000  0.0     19.3939
4    51.0000  0.0    46.5000  0.0    73.5000  0.0    78.0000  0.0     23.1610
4    51.0000  0.0    46.5000  0.0    78.0000  0.0    82.5000  0.0     19.9440
4    52.5000  0.0    51.0000  0.0    54.0000  0.0    55.5000  0.0     14.1437
4    52.5000  0.0    51.0000  0.0    55.5000  0.0    57.0000  0.0     23.7703
4    52.5000  0.0    51.0000  0.0    57.0000  0.0    58.5000  0.0     28.8458
4    52.5000  0.0    51.0000  0.0    58.5000  0.0    60.0000  0.0     28.3901
4    52.5000  0.0    51.0000  0.0    60.0000  0.0    61.5000  0.0     20.0803
4    52.5000  0.0    51.0000  0.0    61.5000  0.0    63.0000  0.0     22.1821
4    52.5000  0.0    49.5000  0.0    61.5000  0.0    64.5000  0.0     21.6359
4    52.5000  0.0    49.5000  0.0    64.5000  0.0    67.5000  0.0     17.2494
4    52.5000  0.0    49.5000  0.0    67.5000  0.0    70.5000  0.0     16.0541
4    52.5000  0.0    49.5000  0.0    70.5000  0.0    73.5000  0.0     17.2081
4    52.5000  0.0    48.0000  0.0    70.5000  0.0    75.0000  0.0     19.2845
4    52.5000  0.0    48.0000  0.0    75.0000  0.0    79.5000  0.0     20.4197
4    54.0000  0.0    52.5000  0.0    55.5000  0.0    57.0000  0.0     14.7679
4    54.0000  0.0    52.5000  0.0    57.0000  0.0    58.5000  0.0     22.7168
4    54.0000  0.0    52.5000  0.0    58.5000  0.0    60.0000  0.0     24.2819
4    54.0000  0.0    52.5000  0.0    60.0000  0.0    61.5000  0.0     17.8345
4    54.0000  0.0    52.5000  0.0    61.5000  0.0    63.0000  0.0     19.9808
4    54.0000  0.0    52.5000  0.0    63.0000  0.0    64.5000  0.0     17.9693
4    54.0000  0.0    51.0000  0.0    63.0000  0.0    66.0000  0.0     18.0267
4    54.0000  0.0    51.0000  0.0    66.0000  0.0    69.0000  0.0     15.1347
4    54.0000  0.0    51.0000  0.0    69.0000  0.0    72.0000  0.0     16.0261
4    54.0000  0.0    51.0000  0.0    72.0000  0.0    75.0000  0.0     19.2119
4    54.0000  0.0    49.5000  0.0    72.0000  0.0    76.5000  0.0     19.8398
4    54.0000  0.0    49.5000  0.0    76.5000  0.0    81.0000  0.0     17.8433
4    55.5000  0.0    54.0000  0.0    57.0000  0.0    58.5000  0.0     16.5975
4    55.5000  0.0    54.0000  0.0    58.5000  0.0    60.0000  0.0     22.1424
4    55.5000  0.0    54.0000  0.0    60.0000  0.0    61.5000  0.0     16.9234
4    55.5000  0.0    54.0000  0.0    61.5000  0.0    63.0000  0.0     19.5904
4    55.5000  0.0    54.0000  0.0    63.0000  0.0    64.5000  0.0     18.2308
4    55.5000  0.0    54.0000  0.0    64.5000  0.0    66.0000  0.0     16.3546
4    55.5000  0.0    52.5000  0.0    64.5000  0.0    67.5000  0.0     15.8709
4    55.5000  0.0    52.5000  0.0    67.5000  0.0    70.5000  0.0     14.8764
4    55.5000  0.0    52.5000  0.0    70.5000  0.0    73.5000  0.0     16.2554
4    55.5000  0.0    52.5000  0.0    73.5000  0.0    76.5000  0.0     20.9852
4    55.5000  0.0    51.0000  0.0    73.5000  0.0    78.0000  0.0     20.3780
4    55.5000  0.0    51.0000  0.0    78.0000  0.0    82.5000  0.0     17.5702
4    57.0000  0.0    55.5000  0.0    58.5000  0.0    60.0000  0.0     17.7206
4    57.0000  0.0    55.5000  0.0    60.0000  0.0    61.5000  0.0     16.1819
4    57.0000  0.0    55.5000  0.0    61.5000  0.0    63.0000  0.0     20.0881
4    57.0000  0.0    55.5000  0.0    63.0000  0.0    64.5000  0.0     19.0754
4    57.0000  0.0    55.5000  0.0    64.5000  0.0    66.0000  0.0     17.0694
4    57.0000  0.0    55.5000  0.0    66.0000  0.0    67.5000  0.0     16.5618
4    57.0000  0.0    54.0000  0.0    66.0000  0.0    69.0000  0.0     15.6988
4    57.0000  0.0    54.0000  0.0    69.0000  0.0    72.0000  0.0     17.4499
4    57.0000  0.0    54.0000  0.0    72.0000  0.0    75.0000  0.0     20.4507
4    57.0000  0.0    54.0000  0.0    75.0000  0.0    78.0000  0.0     20.8290
4    57.0000  0.0    52.5000  0.0    75.0000  0.0    79.5000  0.0     19.9741
4    58.5000  0.0    57.0000  0.0    60.0000  0.0    61.5000  0.0     13.8871
4    58.5000  0.0    57.0000  0.0    61.5000  0.0    63.0000  0.0     21.9722
4    58.5000  0.0    57.0000  0.0    63.0000  0.0    64.5000  0.0     21.8115
4    58.5000  0.0    57.0000  0.0    64.5000  0.0    66.0000  0.0     20.4365
4    58.5000  0.0    57.0000  0.0    66.0000  0.0    67.5000  0.0     19.9794
4    58.5000  0.0    57.0000  0.0    67.5000  0.0    69.0000  0.0     18.9937
4    58.5000  0.0    55.5000  0.0    67.5000  0.0    70.5000  0.0     18.7007
4    58.5000  0.0    55.5000  0.0    70.5000  0.0    73.5000  0.0     20.9016
4    58.5000  0.0    55.5000  0.0    73.5000  0.0    76.5000  0.0     27.0696
4    58.5000  0.0    55.5000  0.0    76.5000  0.0    79.5000  0.0     23.6889
4    58.5000  0.0    54.0000  0.0    76.5000  0.0    81.0000  0.0     21.8036
4    60.0000  0.0    58.5000  0.0    63.0000  0.0    64.5000  0.0     19.2467
4    60.0000  0.0    58.5000  0.0    64.5000  0.0    66.0000  0.0     19.7826
4    60.0000  0.0    58.5000  0.0    66.0000  0.0    67.5000  0.0     20.1150
4    60.0000  0.0    58.5000  0.0    67.5000  0.0    69.0000  0.0     19.1964
4    60.0000  0.0    58.5000  0.0    69.0000  0.0    70.5000  0.0     23.3776
4    60.0000  0.0    58.5000  0.0    61.5000  0.0    63.0000  0.0     14.0428
4    60.0000  0.0    57.0000  0.0    69.0000  0.0    72.0000  0.0     22.5419
4    60.0000  0.0    57.0000  0.0    72.0000  0.0    75.0000  0.0     26.9978
4    60.0000  0.0    57.0000  0.0    75.0000  0.0    78.0000  0.0     28.4419
4    60.0000  0.0    57.0000  0.0    78.0000  0.0    81.0000  0.0     26.9245
4    60.0000  0.0    55.5000  0.0    78.0000  0.0    82.5000  0.0     24.5624
4    61.5000  0.0    60.0000  0.0    64.5000  0.0    66.0000  0.0     12.6421
4    61.5000  0.0    60.0000  0.0    66.0000  0.0    67.5000  0.0     13.9111
4    61.5000  0.0    60.0000  0.0    67.5000  0.0    69.0000  0.0     13.4485
4    61.5000  0.0    60.0000  0.0    69.0000  0.0    70.5000  0.0     16.4712
4    61.5000  0.0    60.0000  0.0    70.5000  0.0    72.0000  0.0     17.1724
4    61.5000  0.0    60.0000  0.0    63.0000  0.0    64.5000  0.0      9.7130
4    61.5000  0.0    58.5000  0.0    70.5000  0.0    73.5000  0.0     20.1073
4    61.5000  0.0    58.5000  0.0    73.5000  0.0    76.5000  0.0     27.1430
4    61.5000  0.0    58.5000  0.0    76.5000  0.0    79.5000  0.0     23.2919
4    61.5000  0.0    58.5000  0.0    79.5000  0.0    82.5000  0.0     22.1763
4    63.0000  0.0    61.5000  0.0    64.5000  0.0    66.0000  0.0      9.5878
4    63.0000  0.0    61.5000  0.0    66.0000  0.0    67.5000  0.0     12.9332
4    63.0000  0.0    61.5000  0.0    67.5000  0.0    69.0000  0.0     13.4917
4    63.0000  0.0    61.5000  0.0    69.0000  0.0    70.5000  0.0     17.5456
4    63.0000  0.0    61.5000  0.0    70.5000  0.0    72.0000  0.0     18.6526
4    63.0000  0.0    61.5000  0.0    72.0000  0.0    73.5000  0.0     20.6812
4    63.0000  0.0    60.0000  0.0    72.0000  0.0    75.0000  0.0     22.1921
4    63.0000  0.0    60.0000  0.0    75.0000  0.0    78.0000  0.0     23.4041
4    63.0000  0.0    60.0000  0.0    78.0000  0.0    81.0000  0.0     22.0483
4    64.5000  0.0    63.0000  0.0    66.0000  0.0    67.5000  0.0      9.4078
4    64.5000  0.0    63.0000  0.0    67.5000  0.0    69.0000  0.0     11.7083
4    64.5000  0.0    63.0000  0.0    69.0000  0.0    70.5000  0.0     16.6216
4    64.5000  0.0    63.0000  0.0    70.5000  0.0    72.0000  0.0     18.2068
4    64.5000  0.0    63.0000  0.0    72.0000  0.0    73.5000  0.0     21.4944
4    64.5000  0.0    63.0000  0.0    73.5000  0.0    75.0000  0.0     28.6194
4    64.5000  0.0    61.5000  0.0    73.5000  0.0    76.5000  0.0     27.0687
4    64.5000  0.0    61.5000  0.0    76.5000  0.0    79.5000  0.0     22.9563
4    64.5000  0.0    61.5000  0.0    79.5000  0.0    82.5000  0.0     22.3903
4    66.0000  0.0    64.5000  0.0    67.5000  0.0    69.0000  0.0      6.7295
4    66.0000  0.0    64.5000  0.0    69.0000  0.0    70.5000  0.0     11.7431
4    66.0000  0.0    64.5000  0.0    70.5000  0.0    72.0000  0.0     14.4235
4    66.0000  0.0    64.5000  0.0    72.0000  0.0    73.5000  0.0     17.8443
4    66.0000  0.0    64.5000  0.0    73.5000  0.0    75.0000  0.0     24.6614
4    66.0000  0.0    64.5000  0.0    75.0000  0.0    76.5000  0.0     23.8952
4    66.0000  0.0    63.0000  0.0    75.0000  0.0    78.0000  0.0     23.6139
4    66.0000  0.0    63.0000  0.0    78.0000  0.0    81.0000  0.0     21.4394
4    67.5000  0.0    66.0000  0.0    69.0000  0.0    70.5000  0.0      6.7451
4    67.5000  0.0    66.0000  0.0    70.5000  0.0    72.0000  0.0     10.2659
4    67.5000  0.0    66.0000  0.0    72.0000  0.0    73.5000  0.0     14.7236
4    67.5000  0.0    66.0000  0.0    73.5000  0.0    75.0000  0.0     21.0209
4    67.5000  0.0    66.0000  0.0    75.0000  0.0    76.5000  0.0     20.4336
4    67.5000  0.0    66.0000  0.0    76.5000  0.0    78.0000  0.0     16.9622
4    67.5000  0.0    64.5000  0.0    76.5000  0.0    79.5000  0.0     18.6097
4    67.5000  0.0    64.5000  0.0    79.5000  0.0    82.5000  0.0     18.3516
4    69.0000  0.0    67.5000  0.0    75.0000  0.0    76.5000  0.0     19.8400
4    69.0000  0.0    67.5000  0.0    76.5000  0.0    78.0000  0.0     16.4147
4    69.0000  0.0    67.5000  0.0    78.0000  0.0    79.5000  0.0     16.9203
4    69.0000  0.0    67.5000  0.0    70.5000  0.0    72.0000  0.0      7.2716
4    69.0000  0.0    67.5000  0.0    72.0000  0.0    73.5000  0.0     12.6300
4    69.0000  0.0    67.5000  0.0    73.5000  0.0    75.0000  0.0     19.5881
4    69.0000  0.0    66.0000  0.0    78.0000  0.0    81.0000  0.0     17.1341
4    70.5000  0.0    69.0000  0.0    72.0000  0.0    73.5000  0.0      9.5658
4    70.5000  0.0    69.0000  0.0    73.5000  0.0    75.0000  0.0     18.5652
4    70.5000  0.0    69.0000  0.0    75.0000  0.0    76.5000  0.0     20.4067
4    70.5000  0.0    69.0000  0.0    76.5000  0.0    78.0000  0.0     16.8144
4    70.5000  0.0    69.0000  0.0    78.0000  0.0    79.5000  0.0     17.3712
4    70.5000  0.0    69.0000  0.0    79.5000  0.0    81.0000  0.0     17.1988
4    70.5000  0.0    67.5000  0.0    79.5000  0.0    82.5000  0.0     16.5371
4    72.0000  0.0    70.5000  0.0    73.5000  0.0    75.0000  0.0     13.9783
4    72.0000  0.0    70.5000  0.0    75.0000  0.0    76.5000  0.0     19.1108
4    72.0000  0.0    70.5000  0.0    76.5000  0.0    78.0000  0.0     15.7803
4    72.0000  0.0    70.5000  0.0    78.0000  0.0    79.5000  0.0     15.8807
4    72.0000  0.0    70.5000  0.0    79.5000  0.0    81.0000  0.0     15.3567
4    72.0000  0.0    70.5000  0.0    81.0000  0.0    82.5000  0.0     15.9163
4    73.5000  0.0    72.0000  0.0    75.0000  0.0    76.5000  0.0     12.8015
4    73.5000  0.0    72.0000  0.0    76.5000  0.0    78.0000  0.0     12.8248
4    73.5000  0.0    72.0000  0.0    78.0000  0.0    79.5000  0.0     13.8436
4    73.5000  0.0    72.0000  0.0    79.5000  0.0    81.0000  0.0     13.8205
4    73.5000  0.0    72.0000  0.0    81.0000  0.0    82.5000  0.0     14.2884
4    75.0000  0.0    73.5000  0.0    76.5000  0.0    78.0000  0.0      9.7033
4    75.0000  0.0    73.5000  0.0    78.0000  0.0    79.5000  0.0     13.1686
4    75.0000  0.0    73.5000  0.0    79.5000  0.0    81.0000  0.0     14.4444
4    75.0000  0.0    73.5000  0.0    81.0000  0.0    82.5000  0.0     15.5841
4    76.5000  0.0    75.0000  0.0    78.0000  0.0    79.5000  0.0      8.4265
4    76.5000  0.0    75.0000  0.0    79.5000  0.0    81.0000  0.0     11.4436
4    76.5000  0.0    75.0000  0.0    81.0000  0.0    82.5000  0.0     13.5778
4    78.0000  0.0    76.5000  0.0    79.5000  0.0    81.0000  0.0      7.2847
4    78.0000  0.0    76.5000  0.0    81.0000  0.0    82.5000  0.0     10.9990
4    79.5000  0.0    78.0000  0.0    81.0000  0.0    82.5000  0.0      6.7939
4     1.5000  0.0     3.0000  0.0     0.0000  0.0     4.5000  0.0     14.2297
4     3.0000  0.0     4.5000  0.0     1.5000  0.0     6.0000  0.0     16.6746
4     3.0000  0.0     4.5000  0.0     0.0000  0.0     7.5000  0.0     21.3308
4     4.5000  0.0     6.0000  0.0     3.0000  0.0     7.5000  0.0     20.7337
4     4.5000  0.0     6.0000  0.0     1.5000  0.0     9.0000  0.0     27.3248
4     4.5000  0.0     6.0000  0.0     0.0000  0.0    10.5000  0.0     28.8864
4     6.0000  0.0     7.5000  0.0     4.5000  0.0     9.0000  0.0     22.8488
4     6.0000  0.0     7.5000  0.0     3.0000  0.0    10.5000  0.0     29.7404
4     6.0000  0.0     7.5000  0.0     1.5000  0.0    12.0000  0.0     31.1101
4     6.0000  0.0     7.5000  0.0     0.0000  0.0    13.5000  0.0     28.9646
4     7.5000  0.0     9.0000  0.0     6.0000  0.0    10.5000  0.0     23.5695
4     7.5000  0.0     9.0000  0.0     4.5000  0.0    12.0000  0.0     28.9252
4     7.5000  0.0     9.0000  0.0     3.0000  0.0    13.5000  0.0     28.4194
4     7.5000  0.0     9.0000  0.0     1.5000  0.0    15.0000  0.0     27.4199
4     7.5000  0.0     9.0000  0.0     0.0000  0.0    16.5000  0.0     26.3884
4     9.0000  0.0    10.5000  0.0     7.5000  0.0    12.0000  0.0     27.1271
4     9.0000  0.0    10.5000  0.0     6.0000  0.0    13.5000  0.0     31.7340
4     9.0000  0.0    10.5000  0.0     4.5000  0.0    15.0000  0.0     30.4155
4     9.0000  0.0    10.5000  0.0     3.0000  0.0    16.5000  0.0     29.1938
4     9.0000  0.0    10.5000  0.0     1.5000  0.0    18.0000  0.0     27.8868
4     9.0000  0.0    10.5000  0.0     0.0000  0.0    19.5000  0.0     26.9738
4    10.5000  0.0    12.0000  0.0     9.0000  0.0    13.5000  0.0     25.4724
4    10.5000  0.0    12.0000  0.0     7.5000  0.0    15.0000  0.0     32.0447
4    10.5000  0.0    12.0000  0.0     6.0000  0.0    16.5000  0.0     32.0106
4    10.5000  0.0    12.0000  0.0     4.5000  0.0    18.0000  0.0     29.8672
4    10.5000  0.0    12.0000  0.0     3.0000  0.0    19.5000  0.0     28.5730
4    10.5000  0.0    12.0000  0.0     1.5000  0.0    21.0000  0.0     28.2448
4    10.5000  0.0    12.0000  0.0     0.0000  0.0    22.5000  0.0     27.8780
4    12.0000  0.0    13.5000  0.0    10.5000  0.0    15.0000  0.0     32.0672
4    12.0000  0.0    13.5000  0.0     9.0000  0.0    16.5000  0.0     36.5918
4    12.0000  0.0    13.5000  0.0     7.5000  0.0    18.0000  0.0     37.3718
4    12.0000  0.0    13.5000  0.0     6.0000  0.0    19.5000  0.0     34.9022
4    12.0000  0.0    13.5000  0.0     4.5000  0.0    21.0000  0.0     31.9713
4    12.0000  0.0    13.5000  0.0     3.0000  0.0    22.5000  0.0     30.7410
4    12.0000  0.0    13.5000  0.0     1.5000  0.0    24.0000  0.0     30.1887
4    12.0000  0.0    15.0000  0.0     0.0000  0.0    27.0000  0.0     29.1872
4    13.5000  0.0    15.0000  0.0    12.0000  0.0    16.5000  0.0     31.8379
4    13.5000  0.0    15.0000  0.0    10.5000  0.0    18.0000  0.0     38.0202
4    13.5000  0.0    15.0000  0.0     9.0000  0.0    19.5000  0.0     37.3172
4    13.5000  0.0    15.0000  0.0     7.5000  0.0    21.0000  0.0     35.7984
4    13.5000  0.0    15.0000  0.0     6.0000  0.0    22.5000  0.0     33.4047
4    13.5000  0.0    15.0000  0.0     4.5000  0.0    24.0000  0.0     31.1119
4    13.5000  0.0    15.0000  0.0     3.0000  0.0    25.5000  0.0     29.8382
4    13.5000  0.0    16.5000  0.0     1.5000  0.0    28.5000  0.0     27.3867
4    15.0000  0.0    16.5000  0.0    13.5000  0.0    18.0000  0.0     31.8382
4    15.0000  0.0    16.5000  0.0    12.0000  0.0    19.5000  0.0     35.7950
4    15.0000  0.0    16.5000  0.0    10.5000  0.0    21.0000  0.0     37.2105
4    15.0000  0.0    16.5000  0.0     9.0000  0.0    22.5000  0.0     34.7051
4    15.0000  0.0    16.5000  0.0     7.5000  0.0    24.0000  0.0     32.2030
4    15.0000  0.0    16.5000  0.0     6.0000  0.0    25.5000  0.0     29.9479
4    15.0000  0.0    16.5000  0.0     4.5000  0.0    27.0000  0.0     28.0144
4    15.0000  0.0    18.0000  0.0     3.0000  0.0    30.0000  0.0     26.0075
4    15.0000  0.0    18.0000  0.0     0.0000  0.0    33.0000  0.0     26.6928
4    16.5000  0.0    18.0000  0.0    15.0000  0.0    19.5000  0.0     33.3298
4    16.5000  0.0    18.0000  0.0    13.5000  0.0    21.0000  0.0     37.8681
4    16.5000  0.0    18.0000  0.0    12.0000  0.0    22.5000  0.0     36.2866
4    16.5000  0.0    18.0000  0.0    10.5000  0.0    24.0000  0.0     34.8876
4    16.5000  0.0    18.0000  0.0     9.0000  0.0    25.5000  0.0     31.8458
4    16.5000  0.0    18.0000  0.0     7.5000  0.0    27.0000  0.0     29.9481
4    16.5000  0.0    18.0000  0.0     6.0000  0.0    28.5000  0.0     27.3291
4    16.5000  0.0    19.5000  0.0     4.5000  0.0    31.5000  0.0     24.8424
4    16.5000  0.0    19.5000  0.0     1.5000  0.0    34.5000  0.0     26.3399
4    18.0000  0.0    19.5000  0.0    16.5000  0.0    21.0000  0.0     30.4072
4    18.0000  0.0    19.5000  0.0    15.0000  0.0    22.5000  0.0     37.7513
4    18.0000  0.0    19.5000  0.0    13.5000  0.0    24.0000  0.0     35.8035
4    18.0000  0.0    19.5000  0.0    12.0000  0.0    25.5000  0.0     31.6067
4    18.0000  0.0    19.5000  0.0    10.5000  0.0    27.0000  0.0     29.4849
4    18.0000  0.0    19.5000  0.0     9.0000  0.0    28.5000  0.0     26.4059
4    18.0000  0.0    19.5000  0.0     7.5000  0.0    30.0000  0.0     24.9986
4    18.0000  0.0    21.0000  0.0     6.0000  0.0    33.0000  0.0     23.0703
4    18.0000  0.0    21.0000  0.0     3.0000  0.0    36.0000  0.0     23.2496
4    18.0000  0.0    21.0000  0.0     0.0000  0.0    39.0000  0.0     24.2577
4    19.5000  0.0    21.0000  0.0    18.0000  0.0    22.5000  0.0     26.3238
4    19.5000  0.0    21.0000  0.0    16.5000  0.0    24.0000  0.0     32.8505
4    19.5000  0.0    21.0000  0.0    15.0000  0.0    25.5000  0.0     31.7967
4    19.5000  0.0    21.0000  0.0    13.5000  0.0    27.0000  0.0     28.0163
4    19.5000  0.0    21.0000  0.0    12.0000  0.0    28.5000  0.0     23.9706
4    19.5000  0.0    21.0000  0.0    10.5000  0.0    30.0000  0.0     22.6710
4    19.5000  0.0    21.0000  0.0     9.0000  0.0    31.5000  0.0     21.5867
4    19.5000  0.0    22.5000  0.0     7.5000  0.0    34.5000  0.0     22.2304
4    19.5000  0.0    22.5000  0.0     4.5000  0.0    37.5000  0.0     21.7194
4    19.5000  0.0    22.5000  0.0     1.5000  0.0    40.5000  0.0     22.9472
4    21.0000  0.0    22.5000  0.0    19.5000  0.0    24.0000  0.0     26.3912
4    21.0000  0.0    22.5000  0.0    18.0000  0.0    25.5000  0.0     33.6524
4    21.0000  0.0    22.5000  0.0    16.5000  0.0    27.0000  0.0     32.6931
4    21.0000  0.0    22.5000  0.0    15.0000  0.0    28.5000  0.0     28.2395
4    21.0000  0.0    22.5000  0.0    13.5000  0.0    30.0000  0.0     24.9380
4    21.0000  0.0    22.5000  0.0    12.0000  0.0    31.5000  0.0     22.6524
4    21.0000  0.0    22.5000  0.0    10.5000  0.0    33.0000  0.0     22.5305
4    21.0000  0.0    24.0000  0.0     9.0000  0.0    36.0000  0.0     22.4996
4    21.0000  0.0    24.0000  0.0     6.0000  0.0    39.0000  0.0     22.6378
4    21.0000  0.0    24.0000  0.0     3.0000  0.0    42.0000  0.0     23.4726
4    21.0000  0.0    24.0000  0.0     0.0000  0.0    45.0000  0.0     23.9952
4    22.5000  0.0    24.0000  0.0    21.0000  0.0    25.5000  0.0     25.2612
4    22.5000  0.0    24.0000  0.0    19.5000  0.0    27.0000  0.0     33.8523
4    22.5000  0.0    24.0000  0.0    18.0000  0.0    28.5000  0.0     32.1852
4    22.5000  0.0    24.0000  0.0    16.5000  0.0    30.0000  0.0     28.8374
4    22.5000  0.0    24.0000  0.0    15.0000  0.0    31.5000  0.0     26.0903
4    22.5000  0.0    24.0000  0.0    13.5000  0.0    33.0000  0.0     24.3822
4    22.5000  0.0    24.0000  0.0    12.0000  0.0    34.5000  0.0     23.6945
4    22.5000  0.0    25.5000  0.0    10.5000  0.0    37.5000  0.0     23.8388
4    22.5000  0.0    25.5000  0.0     7.5000  0.0    40.5000  0.0     24.4034
4    22.5000  0.0    25.5000  0.0     4.5000  0.0    43.5000  0.0     24.8241
4    22.5000  0.0    25.5000  0.0     1.5000  0.0    46.5000  0.0     25.2257
4    22.5000  0.0    27.0000  0.0     0.0000  0.0    49.5000  0.0     26.1991
4    24.0000  0.0    25.5000  0.0    22.5000  0.0    27.0000  0.0     25.0787
4    24.0000  0.0    25.5000  0.0    21.0000  0.0    28.5000  0.0     28.5715
4    24.0000  0.0    25.5000  0.0    19.5000  0.0    30.0000  0.0     30.6172
4    24.0000  0.0    25.5000  0.0    18.0000  0.0    31.5000  0.0     29.1939
4    24.0000  0.0    25.5000  0.0    16.5000  0.0    33.0000  0.0     28.0579
4    24.0000  0.0    25.5000  0.0    15.0000  0.0    34.5000  0.0     27.2675
4    24.0000  0.0    25.5000  0.0    13.5000  0.0    36.0000  0.0     25.5953
4    24.0000  0.0    27.0000  0.0    12.0000  0.0    39.0000  0.0     25.3530
4    24.0000  0.0    27.0000  0.0     9.0000  0.0    42.0000  0.0     26.0360
4    24.0000  0.0    27.0000  0.0     6.0000  0.0    45.0000  0.0     25.8903
4    24.0000  0.0    27.0000  0.0     3.0000  0.0    48.0000  0.0     26.2747
4    24.0000  0.0    28.5000  0.0     1.5000  0.0    51.0000  0.0     28.0657
4    25.5000  0.0    27.0000  0.0    24.0000  0.0    28.5000  0.0     24.7649
4    25.5000  0.0    27.0000  0.0    22.5000  0.0    30.0000  0.0     27.6253
4    25.5000  0.0    27.0000  0.0    21.0000  0.0    31.5000  0.0     27.5559
4    25.5000  0.0    27.0000  0.0    19.5000  0.0    33.0000  0.0     29.1306
4    25.5000  0.0    27.0000  0.0    18.0000  0.0    34.5000  0.0     29.3555
4    25.5000  0.0    27.0000  0.0    16.5000  0.0    36.0000  0.0     27.6489
4    25.5000  0.0    27.0000  0.0    15.0000  0.0    37.5000  0.0     26.8815
4    25.5000  0.0    28.5000  0.0    13.5000  0.0    40.5000  0.0     28.7133
4    25.5000  0.0    28.5000  0.0    10.5000  0.0    43.5000  0.0     28.8672
4    25.5000  0.0    28.5000  0.0     7.5000  0.0    46.5000  0.0     28.3000
4    25.5000  0.0    28.5000  0.0     4.5000  0.0    49.5000  0.0     28.3469
4    25.5000  0.0    30.0000  0.0     3.0000  0.0    52.5000  0.0     28.2121
4    27.0000  0.0    28.5000  0.0    25.5000  0.0    30.0000  0.0     28.1364
4    27.0000  0.0    28.5000  0.0    24.0000  0.0    31.5000  0.0     30.5100
4    27.0000  0.0    28.5000  0.0    22.5000  0.0    33.0000  0.0     30.7011
4    27.0000  0.0    28.5000  0.0    21.0000  0.0    34.5000  0.0     32.0995
4    27.0000  0.0    28.5000  0.0    19.5000  0.0    36.0000  0.0     31.8413
4    27.0000  0.0    28.5000  0.0    18.0000  0.0    37.5000  0.0     31.2702
4    27.0000  0.0    28.5000  0.0    16.5000  0.0    39.0000  0.0     30.5462
4    27.0000  0.0    30.0000  0.0    15.0000  0.0    42.0000  0.0     29.5908
4    27.0000  0.0    30.0000  0.0    12.0000  0.0    45.0000  0.0     28.1999
4    27.0000  0.0    30.0000  0.0     9.0000  0.0    48.0000  0.0     28.0819
4    27.0000  0.0    30.0000  0.0     6.0000  0.0    51.0000  0.0     28.4261
4    27.0000  0.0    31.5000  0.0     4.5000  0.0    54.0000  0.0     27.2853
4    27.0000  0.0    31.5000  0.0     0.0000  0.0    58.5000  0.0     28.0661
4    28.5000  0.0    30.0000  0.0    27.0000  0.0    31.5000  0.0     22.9662
4    28.5000  0.0    30.0000  0.0    25.5000  0.0    33.0000  0.0     25.4575
4    28.5000  0.0    30.0000  0.0    24.0000  0.0    34.5000  0.0     26.6083
4    28.5000  0.0    30.0000  0.0    22.5000  0.0    36.0000  0.0     25.4165
4    28.5000  0.0    30.0000  0.0    21.0000  0.0    37.5000  0.0     25.4311
4    28.5000  0.0    30.0000  0.0    19.5000  0.0    39.0000  0.0     26.4883
4    28.5000  0.0    30.0000  0.0    18.0000  0.0    40.5000  0.0     27.1016
4    28.5000  0.0    31.5000  0.0    16.5000  0.0    43.5000  0.0     26.0476
4    28.5000  0.0    31.5000  0.0    13.5000  0.0    46.5000  0.0     25.0240
4    28.5000  0.0    31.5000  0.0    10.5000  0.0    49.5000  0.0     24.7312
4    28.5000  0.0    31.5000  0.0     7.5000  0.0    52.5000  0.0     25.1882
4    30.0000  0.0    31.5000  0.0    28.5000  0.0    33.0000  0.0     22.8628
4    30.0000  0.0    31.5000  0.0    27.0000  0.0    34.5000  0.0     25.7128
4    30.0000  0.0    31.5000  0.0    25.5000  0.0    36.0000  0.0     23.6213
4    30.0000  0.0    31.5000  0.0    24.0000  0.0    37.5000  0.0     22.7208
4    30.0000  0.0    31.5000  0.0    22.5000  0.0    39.0000  0.0     22.3842
4    30.0000  0.0    31.5000  0.0    21.0000  0.0    40.5000  0.0     23.4989
4    30.0000  0.0    31.5000  0.0    19.5000  0.0    42.0000  0.0     24.5112
4    30.0000  0.0    34.5000  0.0     7.5000  0.0    57.0000  0.0     21.0165
4    30.0000  0.0    34.5000  0.0     3.0000  0.0    61.5000  0.0     20.6242
4    31.5000  0.0    34.5000  0.0    19.5000  0.0    46.5000  0.0     19.1824
4    31.5000  0.0    34.5000  0.0    16.5000  0.0    49.5000  0.0     19.0757
4    31.5000  0.0    34.5000  0.0    13.5000  0.0    52.5000  0.0     19.2337
4    31.5000  0.0    34.5000  0.0    10.5000  0.0    55.5000  0.0     19.4326
4    31.5000  0.0    36.0000  0.0     9.0000  0.0    58.5000  0.0     21.6674
4    31.5000  0.0    36.0000  0.0     4.5000  0.0    63.0000  0.0     21.1835
4    31.5000  0.0    43.5000  0.0     7.5000  0.0    67.5000  0.0     21.5514
4    34.5000  0.0    36.0000  0.0    33.0000  0.0    37.5000  0.0     20.9992
4    34.5000  0.0    36.0000  0.0    31.5000  0.0    39.0000  0.0     25.8502
4    34.5000  0.0    36.0000  0.0    30.0000  0.0    40.5000  0.0     27.8497
4    34.5000  0.0    36.0000  0.0    28.5000  0.0    42.0000  0.0     27.8657
4    34.5000  0.0    36.0000  0.0    27.0000  0.0    43.5000  0.0     26.8411
4    34.5000  0.0    36.0000  0.0    25.5000  0.0    45.0000  0.0     25.1365
4    34.5000  0.0    36.0000  0.0    24.0000  0.0    46.5000  0.0     25.3559
4    34.5000  0.0    37.5000  0.0    22.5000  0.0    49.5000  0.0     24.7593
4    34.5000  0.0    37.5000  0.0    19.5000  0.0    52.5000  0.0     26.2300
4    34.5000  0.0    37.5000  0.0    16.5000  0.0    55.5000  0.0     26.8268
4    34.5000  0.0    37.5000  0.0    13.5000  0.0    58.5000  0.0     26.1225
4    34.5000  0.0    39.0000  0.0    12.0000  0.0    61.5000  0.0     23.9549
4    34.5000  0.0    39.0000  0.0     7.5000  0.0    66.0000  0.0     23.8833
4    34.5000  0.0    46.5000  0.0    10.5000  0.0    70.5000  0.0     24.1807
4    36.0000  0.0    37.5000  0.0    34.5000  0.0    39.0000  0.0     16.7483
4    36.0000  0.0    37.5000  0.0    33.0000  0.0    40.5000  0.0     22.7951
4    36.0000  0.0    37.5000  0.0    31.5000  0.0    42.0000  0.0     25.4777
4    36.0000  0.0    37.5000  0.0    30.0000  0.0    43.5000  0.0     26.1880
4    36.0000  0.0    37.5000  0.0    28.5000  0.0    45.0000  0.0     24.0641
4    36.0000  0.0    37.5000  0.0    27.0000  0.0    46.5000  0.0     23.5486
4    36.0000  0.0    37.5000  0.0    25.5000  0.0    48.0000  0.0     23.5216
4    36.0000  0.0    39.0000  0.0    24.0000  0.0    51.0000  0.0     22.2706
4    36.0000  0.0    39.0000  0.0    21.0000  0.0    54.0000  0.0     23.6146
4    36.0000  0.0    39.0000  0.0    18.0000  0.0    57.0000  0.0     24.2425
4    36.0000  0.0    39.0000  0.0    15.0000  0.0    60.0000  0.0     23.1160
4    36.0000  0.0    40.5000  0.0    13.5000  0.0    63.0000  0.0     21.6198
4    36.0000  0.0    40.5000  0.0     9.0000  0.0    67.5000  0.0     21.7815
4    36.0000  0.0    48.0000  0.0    12.0000  0.0    72.0000  0.0     24.2632
4    37.5000  0.0    39.0000  0.0    36.0000  0.0    40.5000  0.0     16.7100
4    37.5000  0.0    39.0000  0.0    34.5000  0.0    42.0000  0.0     20.2843
4    37.5000  0.0    39.0000  0.0    33.0000  0.0    43.5000  0.0     22.6412
4    37.5000  0.0    39.0000  0.0    31.5000  0.0    45.0000  0.0     21.2737
4    37.5000  0.0    39.0000  0.0    30.0000  0.0    46.5000  0.0     21.1107
4    37.5000  0.0    39.0000  0.0    28.5000  0.0    48.0000  0.0     20.9693
4    37.5000  0.0    39.0000  0.0    27.0000  0.0    49.5000  0.0     20.5599
4    37.5000  0.0    40.5000  0.0    25.5000  0.0    52.5000  0.0     19.9658
4    37.5000  0.0    40.5000  0.0    22.5000  0.0    55.5000  0.0     21.0044
4    37.5000  0.0    40.5000  0.0    19.5000  0.0    58.5000  0.0     21.0510
4    37.5000  0.0    40.5000  0.0    16.5000  0.0    61.5000  0.0     20.4405
4    37.5000  0.0    42.0000  0.0    15.0000  0.0    64.5000  0.0     20.6887
4    37.5000  0.0    42.0000  0.0    10.5000  0.0    69.0000  0.0     21.0946
4    37.5000  0.0    49.5000  0.0    13.5000  0.0    73.5000  0.0     24.8038
4    39.0000  0.0    40.5000  0.0    37.5000  0.0    42.0000  0.0     16.2812
4    39.0000  0.0    40.5000  0.0    36.0000  0.0    43.5000  0.0     21.5758
4    39.0000  0.0    40.5000  0.0    34.5000  0.0    45.0000  0.0     18.8204
4    39.0000  0.0    40.5000  0.0    33.0000  0.0    46.5000  0.0     19.1024
4    39.0000  0.0    40.5000  0.0    31.5000  0.0    48.0000  0.0     19.2277
4    39.0000  0.0    40.5000  0.0    30.0000  0.0    49.5000  0.0     19.1168
4    39.0000  0.0    40.5000  0.0    28.5000  0.0    51.0000  0.0     19.2680
4    39.0000  0.0    42.0000  0.0    27.0000  0.0    54.0000  0.0     21.0056
4    39.0000  0.0    42.0000  0.0    24.0000  0.0    57.0000  0.0     21.1517
4    39.0000  0.0    42.0000  0.0    21.0000  0.0    60.0000  0.0     20.5000
4    39.0000  0.0    42.0000  0.0    18.0000  0.0    63.0000  0.0     20.5463
4    39.0000  0.0    43.5000  0.0    16.5000  0.0    66.0000  0.0     21.3085
4    39.0000  0.0    43.5000  0.0    12.0000  0.0    70.5000  0.0     21.8226
4    39.0000  0.0    51.0000  0.0    15.0000  0.0    75.0000  0.0     25.0366
4    40.5000  0.0    42.0000  0.0    39.0000  0.0    43.5000  0.0     19.3294
4    40.5000  0.0    42.0000  0.0    37.5000  0.0    45.0000  0.0     22.2567
4    40.5000  0.0    42.0000  0.0    36.0000  0.0    46.5000  0.0     22.5544
4    40.5000  0.0    42.0000  0.0    34.5000  0.0    48.0000  0.0     21.0028
4    40.5000  0.0    42.0000  0.0    33.0000  0.0    49.5000  0.0     21.0584
4    40.5000  0.0    42.0000  0.0    31.5000  0.0    51.0000  0.0     21.4625
4    40.5000  0.0    42.0000  0.0    30.0000  0.0    52.5000  0.0     21.9772
4    40.5000  0.0    43.5000  0.0    28.5000  0.0    55.5000  0.0     23.4635
4    40.5000  0.0    43.5000  0.0    25.5000  0.0    58.5000  0.0     22.4378
4    40.5000  0.0    43.5000  0.0    22.5000  0.0    61.5000  0.0     21.9508
4    40.5000  0.0    43.5000  0.0    19.5000  0.0    64.5000  0.0     22.1137
4    40.5000  0.0    45.0000  0.0    18.0000  0.0    67.5000  0.0     25.1923
4    40.5000  0.0    45.0000  0.0    13.5000  0.0    72.0000  0.0     25.9610
4    40.5000  0.0    52.5000  0.0    16.5000  0.0    76.5000  0.0     25.4808
4    42.0000  0.0    43.5000  0.0    40.5000  0.0    45.0000  0.0     18.7540
4    42.0000  0.0    43.5000  0.0    39.0000  0.0    46.5000  0.0     22.9068
4    42.0000  0.0    43.5000  0.0    37.5000  0.0    48.0000  0.0     24.3698
4    42.0000  0.0    43.5000  0.0    36.0000  0.0    49.5000  0.0     23.6485
4    42.0000  0.0    43.5000  0.0    34.5000  0.0    51.0000  0.0     22.3178
4    42.0000  0.0    43.5000  0.0    33.0000  0.0    52.5000  0.0     23.2069
4    42.0000  0.0    43.5000  0.0    31.5000  0.0    54.0000  0.0     24.2375
4    42.0000  0.0    45.0000  0.0    30.0000  0.0    57.0000  0.0     27.8662
4    42.0000  0.0    45.0000  0.0    27.0000  0.0    60.0000  0.0     25.9908
4    42.0000  0.0    45.0000  0.0    24.0000  0.0    63.0000  0.0     25.6222
4    42.0000  0.0    45.0000  0.0    21.0000  0.0    66.0000  0.0     26.0978
4    42.0000  0.0    46.5000  0.0    19.5000  0.0    69.0000  0.0     26.1030
4    42.0000  0.0    46.5000  0.0    15.0000  0.0    73.5000  0.0     26.9373
4    43.5000  0.0    45.0000  0.0    42.0000  0.0    46.5000  0.0     25.3456
4    43.5000  0.0    45.0000  0.0    40.5000  0.0    48.0000  0.0     29.7983
4    43.5000  0.0    45.0000  0.0    39.0000  0.0    49.5000  0.0     30.3699
4    43.5000  0.0    45.0000  0.0    37.5000  0.0    51.0000  0.0     30.9520
4    43.5000  0.0    45.0000  0.0    36.0000  0.0    52.5000  0.0     30.8469
4    43.5000  0.0    45.0000  0.0    34.5000  0.0    54.0000  0.0     30.1696
4    43.5000  0.0    45.0000  0.0    33.0000  0.0    55.5000  0.0     31.0980
4    43.5000  0.0    46.5000  0.0    31.5000  0.0    58.5000  0.0     27.2189
4    43.5000  0.0    46.5000  0.0    28.5000  0.0    61.5000  0.0     26.4547
4    43.5000  0.0    46.5000  0.0    25.5000  0.0    64.5000  0.0     25.6899
4    43.5000  0.0    46.5000  0.0    22.5000  0.0    67.5000  0.0     26.3206
4    43.5000  0.0    48.0000  0.0    21.0000  0.0    70.5000  0.0     26.7190
4    43.5000  0.0    48.0000  0.0    16.5000  0.0    75.0000  0.0     27.6114
4    45.0000  0.0    46.5000  0.0    43.5000  0.0    48.0000  0.0     20.5721
4    45.0000  0.0    46.5000  0.0    42.0000  0.0    49.5000  0.0     22.8886
4    45.0000  0.0    46.5000  0.0    40.5000  0.0    51.0000  0.0     23.1250
4    45.0000  0.0    46.5000  0.0    39.0000  0.0    52.5000  0.0     23.9843
4    45.0000  0.0    46.5000  0.0    37.5000  0.0    54.0000  0.0     24.6923
4    45.0000  0.0    46.5000  0.0    36.0000  0.0    55.5000  0.0     24.6068
4    45.0000  0.0    46.5000  0.0    34.5000  0.0    57.0000  0.0     23.6844
4    45.0000  0.0    48.0000  0.0    33.0000  0.0    60.0000  0.0     23.3478
4    45.0000  0.0    48.0000  0.0    30.0000  0.0    63.0000  0.0     23.6952
4    45.0000  0.0    48.0000  0.0    27.0000  0.0    66.0000  0.0     23.5796
4    45.0000  0.0    48.0000  0.0    24.0000  0.0    69.0000  0.0     24.3068
4    45.0000  0.0    49.5000  0.0    22.5000  0.0    72.0000  0.0     25.2084
4    45.0000  0.0    49.5000  0.0    18.0000  0.0    76.5000  0.0     26.1888
4    46.5000  0.0    48.0000  0.0    45.0000  0.0    49.5000  0.0     21.8158
4    46.5000  0.0    48.0000  0.0    43.5000  0.0    51.0000  0.0     23.4213
4    46.5000  0.0    48.0000  0.0    42.0000  0.0    52.5000  0.0     24.4831
4    46.5000  0.0    48.0000  0.0    40.5000  0.0    54.0000  0.0     25.4966
4    46.5000  0.0    48.0000  0.0    39.0000  0.0    55.5000  0.0     26.3271
4    46.5000  0.0    48.0000  0.0    37.5000  0.0    57.0000  0.0     26.1977
4    46.5000  0.0    48.0000  0.0    36.0000  0.0    58.5000  0.0     25.0800
4    46.5000  0.0    49.5000  0.0    34.5000  0.0    61.5000  0.0     22.9917
4    46.5000  0.0    49.5000  0.0    31.5000  0.0    64.5000  0.0     23.7993
4    46.5000  0.0    49.5000  0.0    28.5000  0.0    67.5000  0.0     24.5909
4    46.5000  0.0    49.5000  0.0    25.5000  0.0    70.5000  0.0     25.2475
4    46.5000  0.0    51.0000  0.0    24.0000  0.0    73.5000  0.0     25.0197
4    46.5000  0.0    51.0000  0.0    19.5000  0.0    78.0000  0.0     26.0823
4    48.0000  0.0    49.5000  0.0    46.5000  0.0    51.0000  0.0     20.3481
4    48.0000  0.0    49.5000  0.0    45.0000  0.0    52.5000  0.0     25.5417
4    48.0000  0.0    49.5000  0.0    43.5000  0.0    54.0000  0.0     25.5216
4    48.0000  0.0    49.5000  0.0    42.0000  0.0    55.5000  0.0     25.6789
4    48.0000  0.0    49.5000  0.0    40.5000  0.0    57.0000  0.0     24.8461
4    48.0000  0.0    49.5000  0.0    39.0000  0.0    58.5000  0.0     24.1512
4    48.0000  0.0    49.5000  0.0    37.5000  0.0    60.0000  0.0     23.3566
4    48.0000  0.0    51.0000  0.0    36.0000  0.0    63.0000  0.0     21.8968
4    48.0000  0.0    51.0000  0.0    33.0000  0.0    66.0000  0.0     22.2268
4    48.0000  0.0    51.0000  0.0    30.0000  0.0    69.0000  0.0     23.5992
4    48.0000  0.0    51.0000  0.0    27.0000  0.0    72.0000  0.0     24.2129
4    48.0000  0.0    52.5000  0.0    25.5000  0.0    75.0000  0.0     23.7730
4    48.0000  0.0    52.5000  0.0    21.0000  0.0    79.5000  0.0     24.9629
4    49.5000  0.0    51.0000  0.0    48.0000  0.0    52.5000  0.0     18.2346
4    49.5000  0.0    51.0000  0.0    46.5000  0.0    54.0000  0.0     23.3882
4    49.5000  0.0    51.0000  0.0    45.0000  0.0    55.5000  0.0     24.8940
4    49.5000  0.0    51.0000  0.0    43.5000  0.0    57.0000  0.0     23.0838
4    49.5000  0.0    51.0000  0.0    42.0000  0.0    58.5000  0.0     21.6922
4    49.5000  0.0    51.0000  0.0    40.5000  0.0    60.0000  0.0     20.6049
4    49.5000  0.0    51.0000  0.0    39.0000  0.0    61.5000  0.0     20.8343
4    49.5000  0.0    52.5000  0.0    37.5000  0.0    64.5000  0.0     19.9888
4    49.5000  0.0    52.5000  0.0    34.5000  0.0    67.5000  0.0     20.1086
4    49.5000  0.0    52.5000  0.0    31.5000  0.0    70.5000  0.0     21.8550
4    49.5000  0.0    52.5000  0.0    28.5000  0.0    73.5000  0.0     22.8495
4    49.5000  0.0    54.0000  0.0    27.0000  0.0    76.5000  0.0     22.4599
4    49.5000  0.0    54.0000  0.0    22.5000  0.0    81.0000  0.0     23.5404
4    51.0000  0.0    52.5000  0.0    49.5000  0.0    54.0000  0.0     16.7173
4    51.0000  0.0    52.5000  0.0    48.0000  0.0    55.5000  0.0     22.0165
4    51.0000  0.0    52.5000  0.0    46.5000  0.0    57.0000  0.0     22.8132
4    51.0000  0.0    52.5000  0.0    45.0000  0.0    58.5000  0.0     21.9075
4    51.0000  0.0    52.5000  0.0    43.5000  0.0    60.0000  0.0     19.7732
4    51.0000  0.0    52.5000  0.0    42.0000  0.0    61.5000  0.0     19.6872
4    51.0000  0.0    52.5000  0.0    40.5000  0.0    63.0000  0.0     19.4373
4    51.0000  0.0    54.0000  0.0    39.0000  0.0    66.0000  0.0     19.3834
4    51.0000  0.0    54.0000  0.0    36.0000  0.0    69.0000  0.0     20.3039
4    51.0000  0.0    54.0000  0.0    33.0000  0.0    72.0000  0.0     21.3655
4    51.0000  0.0    54.0000  0.0    30.0000  0.0    75.0000  0.0     22.1734
4    51.0000  0.0    55.5000  0.0    28.5000  0.0    78.0000  0.0     23.1041
4    51.0000  0.0    55.5000  0.0    24.0000  0.0    82.5000  0.0     24.0835
4    52.5000  0.0    54.0000  0.0    51.0000  0.0    55.5000  0.0     16.5991
4    52.5000  0.0    54.0000  0.0    49.5000  0.0    57.0000  0.0     21.1778
4    52.5000  0.0    54.0000  0.0    48.0000  0.0    58.5000  0.0     21.1413
4    52.5000  0.0    54.0000  0.0    46.5000  0.0    60.0000  0.0     19.7780
4    52.5000  0.0    54.0000  0.0    45.0000  0.0    61.5000  0.0     19.5407
4    52.5000  0.0    54.0000  0.0    43.5000  0.0    63.0000  0.0     18.4492
4    52.5000  0.0    54.0000  0.0    42.0000  0.0    64.5000  0.0     18.2508
4    52.5000  0.0    55.5000  0.0    40.5000  0.0    67.5000  0.0     19.7419
4    52.5000  0.0    55.5000  0.0    37.5000  0.0    70.5000  0.0     21.3122
4    52.5000  0.0    55.5000  0.0    34.5000  0.0    73.5000  0.0     21.8655
4    52.5000  0.0    55.5000  0.0    31.5000  0.0    76.5000  0.0     22.7713
4    52.5000  0.0    57.0000  0.0    30.0000  0.0    79.5000  0.0     24.9726
4    54.0000  0.0    55.5000  0.0    52.5000  0.0    57.0000  0.0     17.1100
4    54.0000  0.0    55.5000  0.0    51.0000  0.0    58.5000  0.0     21.3799
4    54.0000  0.0    55.5000  0.0    49.5000  0.0    60.0000  0.0     21.1345
4    54.0000  0.0    55.5000  0.0    48.0000  0.0    61.5000  0.0     21.7296
4    54.0000  0.0    55.5000  0.0    46.5000  0.0    63.0000  0.0     20.9472
4    54.0000  0.0    55.5000  0.0    45.0000  0.0    64.5000  0.0     20.8665
4    54.0000  0.0    55.5000  0.0    43.5000  0.0    66.0000  0.0     20.3044
4    54.0000  0.0    57.0000  0.0    42.0000  0.0    69.0000  0.0     22.5147
4    54.0000  0.0    57.0000  0.0    39.0000  0.0    72.0000  0.0     23.8997
4    54.0000  0.0    57.0000  0.0    36.0000  0.0    75.0000  0.0     24.5038
4    54.0000  0.0    57.0000  0.0    33.0000  0.0    78.0000  0.0     25.2517
4    54.0000  0.0    58.5000  0.0    31.5000  0.0    81.0000  0.0     28.7811
4    55.5000  0.0    57.0000  0.0    54.0000  0.0    58.5000  0.0     17.6578
4    55.5000  0.0    57.0000  0.0    52.5000  0.0    60.0000  0.0     21.2884
4    55.5000  0.0    57.0000  0.0    51.0000  0.0    61.5000  0.0     23.3184
4    55.5000  0.0    57.0000  0.0    49.5000  0.0    63.0000  0.0     23.5819
4    55.5000  0.0    57.0000  0.0    48.0000  0.0    64.5000  0.0     23.5699
4    55.5000  0.0    57.0000  0.0    46.5000  0.0    66.0000  0.0     23.7388
4    55.5000  0.0    57.0000  0.0    45.0000  0.0    67.5000  0.0     24.1070
4    55.5000  0.0    58.5000  0.0    43.5000  0.0    70.5000  0.0     26.7515
4    55.5000  0.0    58.5000  0.0    40.5000  0.0    73.5000  0.0     28.0342
4    55.5000  0.0    58.5000  0.0    37.5000  0.0    76.5000  0.0     28.7695
4    55.5000  0.0    58.5000  0.0    34.5000  0.0    79.5000  0.0     29.3876
4    55.5000  0.0    60.0000  0.0    33.0000  0.0    82.5000  0.0     32.8620
4    57.0000  0.0    58.5000  0.0    55.5000  0.0    60.0000  0.0     17.0546
4    57.0000  0.0    58.5000  0.0    54.0000  0.0    61.5000  0.0     22.5872
4    57.0000  0.0    58.5000  0.0    52.5000  0.0    63.0000  0.0     24.6718
4    57.0000  0.0    58.5000  0.0    51.0000  0.0    64.5000  0.0     25.6389
4    57.0000  0.0    58.5000  0.0    49.5000  0.0    66.0000  0.0     26.7665
4    57.0000  0.0    58.5000  0.0    48.0000  0.0    67.5000  0.0     27.4711
4    57.0000  0.0    58.5000  0.0    46.5000  0.0    69.0000  0.0     28.3372
4    57.0000  0.0    60.0000  0.0    45.0000  0.0    72.0000  0.0     30.9862
4    57.0000  0.0    60.0000  0.0    42.0000  0.0    75.0000  0.0     31.1428
4    57.0000  0.0    60.0000  0.0    39.0000  0.0    78.0000  0.0     32.3986
4    57.0000  0.0    60.0000  0.0    36.0000  0.0    81.0000  0.0     33.8037
4    58.5000  0.0    60.0000  0.0    57.0000  0.0    61.5000  0.0     18.0042
4    58.5000  0.0    60.0000  0.0    55.5000  0.0    63.0000  0.0     22.2329
4    58.5000  0.0    60.0000  0.0    54.0000  0.0    64.5000  0.0     24.3728
4    58.5000  0.0    60.0000  0.0    52.5000  0.0    66.0000  0.0     26.6159
4    58.5000  0.0    60.0000  0.0    51.0000  0.0    67.5000  0.0     27.9504
4    58.5000  0.0    60.0000  0.0    49.5000  0.0    69.0000  0.0     29.9758
4    58.5000  0.0    60.0000  0.0    48.0000  0.0    70.5000  0.0     31.1524
4    58.5000  0.0    61.5000  0.0    46.5000  0.0    73.5000  0.0     28.4144
4    58.5000  0.0    61.5000  0.0    43.5000  0.0    76.5000  0.0     28.1848
4    58.5000  0.0    61.5000  0.0    40.5000  0.0    79.5000  0.0     29.4634
4    58.5000  0.0    61.5000  0.0    37.5000  0.0    82.5000  0.0     31.4294
4    60.0000  0.0    61.5000  0.0    58.5000  0.0    63.0000  0.0     12.8312
4    60.0000  0.0    61.5000  0.0    57.0000  0.0    64.5000  0.0     15.4978
4    60.0000  0.0    61.5000  0.0    55.5000  0.0    66.0000  0.0     17.1153
4    60.0000  0.0    61.5000  0.0    54.0000  0.0    67.5000  0.0     18.6241
4    60.0000  0.0    61.5000  0.0    52.5000  0.0    69.0000  0.0     20.7747
4    60.0000  0.0    61.5000  0.0    51.0000  0.0    70.5000  0.0     22.1237
4    60.0000  0.0    61.5000  0.0    49.5000  0.0    72.0000  0.0     23.3526
4    60.0000  0.0    63.0000  0.0    48.0000  0.0    75.0000  0.0     25.7641
4    60.0000  0.0    63.0000  0.0    45.0000  0.0    78.0000  0.0     26.5705
4    60.0000  0.0    63.0000  0.0    42.0000  0.0    81.0000  0.0     27.2353
4    61.5000  0.0    63.0000  0.0    60.0000  0.0    64.5000  0.0     14.0460
4    61.5000  0.0    63.0000  0.0    58.5000  0.0    66.0000  0.0     18.2973
4    61.5000  0.0    63.0000  0.0    57.0000  0.0    67.5000  0.0     19.6021
4    61.5000  0.0    63.0000  0.0    55.5000  0.0    69.0000  0.0     21.6991
4    61.5000  0.0    63.0000  0.0    54.0000  0.0    70.5000  0.0     23.3123
4    61.5000  0.0    63.0000  0.0    52.5000  0.0    72.0000  0.0     25.1216
4    61.5000  0.0    63.0000  0.0    51.0000  0.0    73.5000  0.0     26.4638
4    61.5000  0.0    64.5000  0.0    49.5000  0.0    76.5000  0.0     26.7383
4    61.5000  0.0    64.5000  0.0    46.5000  0.0    79.5000  0.0     27.9395
4    61.5000  0.0    64.5000  0.0    43.5000  0.0    82.5000  0.0     29.1022
4    63.0000  0.0    64.5000  0.0    61.5000  0.0    66.0000  0.0     12.2069
4    63.0000  0.0    64.5000  0.0    60.0000  0.0    67.5000  0.0     17.5815
4    63.0000  0.0    64.5000  0.0    58.5000  0.0    69.0000  0.0     20.3612
4    63.0000  0.0    64.5000  0.0    57.0000  0.0    70.5000  0.0     21.4719
4    63.0000  0.0    64.5000  0.0    55.5000  0.0    72.0000  0.0     22.8278
4    63.0000  0.0    64.5000  0.0    54.0000  0.0    73.5000  0.0     24.3068
4    63.0000  0.0    64.5000  0.0    52.5000  0.0    75.0000  0.0     24.9036
4    63.0000  0.0    66.0000  0.0    51.0000  0.0    78.0000  0.0     24.1131
4    63.0000  0.0    66.0000  0.0    48.0000  0.0    81.0000  0.0     25.8274
4    64.5000  0.0    66.0000  0.0    63.0000  0.0    67.5000  0.0     10.3369
4    64.5000  0.0    66.0000  0.0    61.5000  0.0    69.0000  0.0     15.1929
4    64.5000  0.0    66.0000  0.0    60.0000  0.0    70.5000  0.0     18.6197
4    64.5000  0.0    66.0000  0.0    58.5000  0.0    72.0000  0.0     19.8083
4    64.5000  0.0    66.0000  0.0    57.0000  0.0    73.5000  0.0     20.7870
4    64.5000  0.0    66.0000  0.0    55.5000  0.0    75.0000  0.0     20.7987
4    64.5000  0.0    66.0000  0.0    54.0000  0.0    76.5000  0.0     21.0443
4    64.5000  0.0    67.5000  0.0    52.5000  0.0    79.5000  0.0     21.7294
4    64.5000  0.0    67.5000  0.0    49.5000  0.0    82.5000  0.0     23.7551
4    66.0000  0.0    67.5000  0.0    64.5000  0.0    69.0000  0.0     10.0014
4    66.0000  0.0    67.5000  0.0    63.0000  0.0    70.5000  0.0     14.2464
4    66.0000  0.0    67.5000  0.0    61.5000  0.0    72.0000  0.0     17.1256
4    66.0000  0.0    67.5000  0.0    60.0000  0.0    73.5000  0.0     19.4571
4    66.0000  0.0    67.5000  0.0    58.5000  0.0    75.0000  0.0     19.0768
4    66.0000  0.0    67.5000  0.0    57.0000  0.0    76.5000  0.0     18.7443
4    66.0000  0.0    67.5000  0.0    55.5000  0.0    78.0000  0.0     19.4524
4    66.0000  0.0    69.0000  0.0    54.0000  0.0    81.0000  0.0     20.1926
4    67.5000  0.0    69.0000  0.0    66.0000  0.0    70.5000  0.0      9.1956
4    67.5000  0.0    69.0000  0.0    64.5000  0.0    72.0000  0.0     14.1485
4    67.5000  0.0    69.0000  0.0    63.0000  0.0    73.5000  0.0     16.7158
4    67.5000  0.0    69.0000  0.0    61.5000  0.0    75.0000  0.0     17.0782
4    67.5000  0.0    69.0000  0.0    60.0000  0.0    76.5000  0.0     17.7711
4    67.5000  0.0    69.0000  0.0    58.5000  0.0    78.0000  0.0     18.1568
4    67.5000  0.0    69.0000  0.0    57.0000  0.0    79.5000  0.0     18.3870
4    67.5000  0.0    70.5000  0.0    55.5000  0.0    82.5000  0.0     20.8265
4    69.0000  0.0    70.5000  0.0    67.5000  0.0    72.0000  0.0     10.4634
4    69.0000  0.0    70.5000  0.0    66.0000  0.0    73.5000  0.0     16.3404
4    69.0000  0.0    70.5000  0.0    64.5000  0.0    75.0000  0.0     18.0665
4    69.0000  0.0    70.5000  0.0    63.0000  0.0    76.5000  0.0     18.2681
4    69.0000  0.0    70.5000  0.0    61.5000  0.0    78.0000  0.0     19.1696
4    69.0000  0.0    70.5000  0.0    60.0000  0.0    79.5000  0.0     20.3816
4    69.0000  0.0    70.5000  0.0    58.5000  0.0    81.0000  0.0     20.9251
4    70.5000  0.0    72.0000  0.0    69.0000  0.0    73.5000  0.0     12.2611
4    70.5000  0.0    72.0000  0.0    67.5000  0.0    75.0000  0.0     15.8829
4    70.5000  0.0    72.0000  0.0    66.0000  0.0    76.5000  0.0     17.0929
4    70.5000  0.0    72.0000  0.0    64.5000  0.0    78.0000  0.0     18.6482
4    70.5000  0.0    72.0000  0.0    63.0000  0.0    79.5000  0.0     19.5685
4    70.5000  0.0    72.0000  0.0    61.5000  0.0    81.0000  0.0     20.6914
4    70.5000  0.0    72.0000  0.0    60.0000  0.0    82.5000  0.0     22.0551
4    72.0000  0.0    73.5000  0.0    70.5000  0.0    75.0000  0.0     12.1582
4    72.0000  0.0    73.5000  0.0    69.0000  0.0    76.5000  0.0     14.5922
4    72.0000  0.0    73.5000  0.0    67.5000  0.0    78.0000  0.0     16.8698
4    72.0000  0.0    73.5000  0.0    66.0000  0.0    79.5000  0.0     18.8392
4    72.0000  0.0    73.5000  0.0    64.5000  0.0    81.0000  0.0     19.9997
4    72.0000  0.0    73.5000  0.0    63.0000  0.0    82.5000  0.0     21.0334
4    73.5000  0.0    75.0000  0.0    72.0000  0.0    76.5000  0.0     13.9819
4    73.5000  0.0    75.0000  0.0    70.5000  0.0    78.0000  0.0     18.3756
4    73.5000  0.0    75.0000  0.0    69.0000  0.0    79.5000  0.0     21.0549
4    73.5000  0.0    75.0000  0.0    67.5000  0.0    81.0000  0.0     23.6929
4    73.5000  0.0    75.0000  0.0    66.0000  0.0    82.5000  0.0     25.9653
4    75.0000  0.0    76.5000  0.0    73.5000  0.0    78.0000  0.0     12.8859
4    75.0000  0.0    76.5000  0.0    72.0000  0.0    79.5000  0.0     17.6302
4    75.0000  0.0    76.5000  0.0    70.5000  0.0    81.0000  0.0     20.1598
4    75.0000  0.0    76.5000  0.0    69.0000  0.0    82.5000  0.0     22.8463
4    76.5000  0.0    78.0000  0.0    75.0000  0.0    79.5000  0.0     10.7019
4    76.5000  0.0    78.0000  0.0    73.5000  0.0    81.0000  0.0     15.2172
4    76.5000  0.0    78.0000  0.0    72.0000  0.0    82.5000  0.0     18.9616
4    78.0000  0.0    79.5000  0.0    76.5000  0.0    81.0000  0.0     10.1950
4    78.0000  0.0    79.5000  0.0    75.0000  0.0    82.5000  0.0     15.9526
4    79.5000  0.0    81.0000  0.0    78.0000  0.0    82.5000  0.0     10.1508
Topography in separate list
1
56
0,0.554
1,0.554
2,0.554
3,0.554
4,0.554
5,0.554
6,0.554
7,0.554
8,0.554
9,0.554
10,0.554
11,0.554
12,0.554
13,0.554
14,0.554
15,0.554
16,0.554
17,0.554
18,0.554
19,0.554
20,0.554
21,0.554
22,0.554
23,0.554
24,0.554
25,0.554
26,0.554
27,0.554
28,0.554
29,0.554
30,0.554
31,0.554
32,0.554
33,0.554
34,0.554
35,0.554
36,0.554
37,0.554
38,0.554
39,0.554
40,0.554
41,0.554
42,0.554
43,0.554
44,0.554
45,0.554
46,0.554
47,0.554
48,0.554
49,0.554
50,0.554
51,0.554
52,0.554
53,0.554
54,0.554
81,0.554
1
0
0
0
